آستانه,تعداد_شاخص‌ها,لیست_شاخص‌ها,الگوی_وضعیت,تعداد_کل_وقوع,تعداد_ضررده,تعداد_سودده,درصد_ضررده,درصد_سودده,نسبت_شانس,دوره‌ها
0.0,1,CPI m/m,Neutral,10,8,2,80.0,20.0,4.0,2017-12-13_2017-12-27|2018-01-12_2018-01-26|2018-08-10_2018-08-24|2018-11-10_2018-11-24|2018-12-12_2018-12-26|2019-06-12_2019-06-26|2019-08-10_2019-08-24|2019-09-12_2019-09-26|2024-08-14_2024-08-28|2025-01-15_2025-01-29
0.0,1,CPI m/m,Good,12,7,5,58.3,41.7,1.4,2018-04-11_2018-04-25|2018-05-10_2018-05-24|2018-07-12_2018-07-26|2018-09-13_2018-09-27|2018-10-11_2018-10-25|2019-05-10_2019-05-24|2019-10-09_2019-10-23|2020-04-10_2020-04-24|2021-09-11_2021-09-25|2022-12-10_2022-12-24|2024-05-15_2024-05-29|2026-01-31_2026-02-14
0.0,1,CPI m/m,Bad,8,4,4,50.0,50.0,1.0,2020-07-11_2020-07-25|2020-08-12_2020-08-26|2020-09-11_2020-09-25|2021-04-10_2021-04-24|2021-11-10_2021-11-24|2022-10-13_2022-10-27|2023-10-12_2023-10-26|2025-09-11_2025-09-25
0.1,1,CPI m/m,Neutral,19,12,7,63.2,36.8,1.71,2017-12-13_2017-12-27|2018-01-12_2018-01-26|2018-04-11_2018-04-25|2018-05-10_2018-05-24|2018-07-12_2018-07-26|2018-08-10_2018-08-24|2018-09-13_2018-09-27|2018-10-11_2018-10-25|2018-11-10_2018-11-24|2018-12-12_2018-12-26|2019-06-12_2019-06-26|2019-08-10_2019-08-24|2019-09-12_2019-09-26|2019-10-09_2019-10-23|2020-07-11_2020-07-25|2021-04-10_2021-04-24|2024-08-14_2024-08-28|2025-01-15_2025-01-29|2026-01-31_2026-02-14
0.1,1,CPI m/m,Good,5,3,2,60.0,40.0,1.5,2019-05-10_2019-05-24|2020-04-10_2020-04-24|2021-09-11_2021-09-25|2022-12-10_2022-12-24|2024-05-15_2024-05-29
0.1,1,CPI m/m,Bad,6,4,2,66.7,33.3,2.0,2020-08-12_2020-08-26|2020-09-11_2020-09-25|2021-11-10_2021-11-24|2022-10-13_2022-10-27|2023-10-12_2023-10-26|2025-09-11_2025-09-25
0.2,1,CPI m/m,Neutral,28,18,10,64.3,35.7,1.8,2017-12-13_2017-12-27|2018-01-12_2018-01-26|2018-04-11_2018-04-25|2018-05-10_2018-05-24|2018-07-12_2018-07-26|2018-08-10_2018-08-24|2018-09-13_2018-09-27|2018-10-11_2018-10-25|2018-11-10_2018-11-24|2018-12-12_2018-12-26|2019-05-10_2019-05-24|2019-06-12_2019-06-26|2019-08-10_2019-08-24|2019-09-12_2019-09-26|2019-10-09_2019-10-23|2020-04-10_2020-04-24|2020-07-11_2020-07-25|2020-09-11_2020-09-25|2021-04-10_2021-04-24|2021-09-11_2021-09-25|2022-10-13_2022-10-27|2022-12-10_2022-12-24|2023-10-12_2023-10-26|2024-05-15_2024-05-29|2024-08-14_2024-08-28|2025-01-15_2025-01-29|2025-09-11_2025-09-25|2026-01-31_2026-02-14
0.2,1,CPI m/m,Bad,2,1,1,50.0,50.0,1.0,2020-08-12_2020-08-26|2021-11-10_2021-11-24
0.3,1,CPI m/m,Neutral,29,19,10,65.5,34.5,1.9,2017-12-13_2017-12-27|2018-01-12_2018-01-26|2018-04-11_2018-04-25|2018-05-10_2018-05-24|2018-07-12_2018-07-26|2018-08-10_2018-08-24|2018-09-13_2018-09-27|2018-10-11_2018-10-25|2018-11-10_2018-11-24|2018-12-12_2018-12-26|2019-05-10_2019-05-24|2019-06-12_2019-06-26|2019-08-10_2019-08-24|2019-09-12_2019-09-26|2019-10-09_2019-10-23|2020-04-10_2020-04-24|2020-07-11_2020-07-25|2020-08-12_2020-08-26|2020-09-11_2020-09-25|2021-04-10_2021-04-24|2021-09-11_2021-09-25|2022-10-13_2022-10-27|2022-12-10_2022-12-24|2023-10-12_2023-10-26|2024-05-15_2024-05-29|2024-08-14_2024-08-28|2025-01-15_2025-01-29|2025-09-11_2025-09-25|2026-01-31_2026-02-14
0.3,1,CPI m/m,Bad,1,0,1,0.0,100.0,0.0,2021-11-10_2021-11-24
0.0,1,Core CPI m/m,Good,11,8,3,72.7,27.3,2.67,2017-12-13_2017-12-27|2018-05-10_2018-05-24|2018-09-13_2018-09-27|2018-10-11_2018-10-25|2019-05-10_2019-05-24|2019-06-12_2019-06-26|2019-10-09_2019-10-23|2020-04-10_2020-04-24|2021-09-11_2021-09-25|2022-12-10_2022-12-24|2025-01-15_2025-01-29
0.0,1,Core CPI m/m,Bad,9,5,4,55.6,44.4,1.25,2018-01-12_2018-01-26|2019-08-10_2019-08-24|2019-09-12_2019-09-26|2020-07-11_2020-07-25|2020-08-12_2020-08-26|2020-09-11_2020-09-25|2021-04-10_2021-04-24|2021-11-10_2021-11-24|2022-10-13_2022-10-27
0.0,1,Core CPI m/m,Neutral,10,6,4,60.0,40.0,1.5,2018-04-11_2018-04-25|2018-07-12_2018-07-26|2018-08-10_2018-08-24|2018-11-10_2018-11-24|2018-12-12_2018-12-26|2023-10-12_2023-10-26|2024-05-15_2024-05-29|2024-08-14_2024-08-28|2025-09-11_2025-09-25|2026-01-31_2026-02-14
0.1,1,Core CPI m/m,Neutral,24,15,9,62.5,37.5,1.67,2017-12-13_2017-12-27|2018-01-12_2018-01-26|2018-04-11_2018-04-25|2018-05-10_2018-05-24|2018-07-12_2018-07-26|2018-08-10_2018-08-24|2018-09-13_2018-09-27|2018-10-11_2018-10-25|2018-11-10_2018-11-24|2018-12-12_2018-12-26|2019-05-10_2019-05-24|2019-06-12_2019-06-26|2019-08-10_2019-08-24|2019-09-12_2019-09-26|2019-10-09_2019-10-23|2020-07-11_2020-07-25|2021-04-10_2021-04-24|2022-12-10_2022-12-24|2023-10-12_2023-10-26|2024-05-15_2024-05-29|2024-08-14_2024-08-28|2025-01-15_2025-01-29|2025-09-11_2025-09-25|2026-01-31_2026-02-14
0.1,1,Core CPI m/m,Good,2,2,0,100.0,0.0,inf,2020-04-10_2020-04-24|2021-09-11_2021-09-25
0.1,1,Core CPI m/m,Bad,4,2,2,50.0,50.0,1.0,2020-08-12_2020-08-26|2020-09-11_2020-09-25|2021-11-10_2021-11-24|2022-10-13_2022-10-27
0.2,1,Core CPI m/m,Neutral,29,18,11,62.1,37.9,1.64,2017-12-13_2017-12-27|2018-01-12_2018-01-26|2018-04-11_2018-04-25|2018-05-10_2018-05-24|2018-07-12_2018-07-26|2018-08-10_2018-08-24|2018-09-13_2018-09-27|2018-10-11_2018-10-25|2018-11-10_2018-11-24|2018-12-12_2018-12-26|2019-05-10_2019-05-24|2019-06-12_2019-06-26|2019-08-10_2019-08-24|2019-09-12_2019-09-26|2019-10-09_2019-10-23|2020-04-10_2020-04-24|2020-07-11_2020-07-25|2020-09-11_2020-09-25|2021-04-10_2021-04-24|2021-09-11_2021-09-25|2021-11-10_2021-11-24|2022-10-13_2022-10-27|2022-12-10_2022-12-24|2023-10-12_2023-10-26|2024-05-15_2024-05-29|2024-08-14_2024-08-28|2025-01-15_2025-01-29|2025-09-11_2025-09-25|2026-01-31_2026-02-14
0.2,1,Core CPI m/m,Bad,1,1,0,100.0,0.0,inf,2020-08-12_2020-08-26
0.3,1,Core CPI m/m,Neutral,29,18,11,62.1,37.9,1.64,2017-12-13_2017-12-27|2018-01-12_2018-01-26|2018-04-11_2018-04-25|2018-05-10_2018-05-24|2018-07-12_2018-07-26|2018-08-10_2018-08-24|2018-09-13_2018-09-27|2018-10-11_2018-10-25|2018-11-10_2018-11-24|2018-12-12_2018-12-26|2019-05-10_2019-05-24|2019-06-12_2019-06-26|2019-08-10_2019-08-24|2019-09-12_2019-09-26|2019-10-09_2019-10-23|2020-04-10_2020-04-24|2020-07-11_2020-07-25|2020-09-11_2020-09-25|2021-04-10_2021-04-24|2021-09-11_2021-09-25|2021-11-10_2021-11-24|2022-10-13_2022-10-27|2022-12-10_2022-12-24|2023-10-12_2023-10-26|2024-05-15_2024-05-29|2024-08-14_2024-08-28|2025-01-15_2025-01-29|2025-09-11_2025-09-25|2026-01-31_2026-02-14
0.3,1,Core CPI m/m,Bad,1,1,0,100.0,0.0,inf,2020-08-12_2020-08-26
0.0,1,FOMC,Neutral,5,5,0,100.0,0.0,inf,2023-03-16_2023-03-30|2023-07-14_2023-07-28|2023-09-15_2023-09-29|2023-12-14_2023-12-28|2024-12-13_2024-12-27
0.0,1,FOMC,Good,1,1,0,100.0,0.0,inf,2024-09-13_2024-09-27
0.1,1,FOMC,Neutral,5,5,0,100.0,0.0,inf,2023-03-16_2023-03-30|2023-07-14_2023-07-28|2023-09-15_2023-09-29|2023-12-14_2023-12-28|2024-12-13_2024-12-27
0.1,1,FOMC,Good,1,1,0,100.0,0.0,inf,2024-09-13_2024-09-27
0.2,1,FOMC,Neutral,5,5,0,100.0,0.0,inf,2023-03-16_2023-03-30|2023-07-14_2023-07-28|2023-09-15_2023-09-29|2023-12-14_2023-12-28|2024-12-13_2024-12-27
0.2,1,FOMC,Good,1,1,0,100.0,0.0,inf,2024-09-13_2024-09-27
0.3,1,FOMC,Neutral,6,6,0,100.0,0.0,inf,2023-03-16_2023-03-30|2023-07-14_2023-07-28|2023-09-15_2023-09-29|2023-12-14_2023-12-28|2024-09-13_2024-09-27|2024-12-13_2024-12-27
0.0,1,CPI y/y,Neutral,13,10,3,76.9,23.1,3.33,2017-12-13_2017-12-27|2018-01-12_2018-01-26|2018-04-11_2018-04-25|2018-05-10_2018-05-24|2018-07-12_2018-07-26|2018-08-10_2018-08-24|2018-11-10_2018-11-24|2018-12-12_2018-12-26|2020-07-11_2020-07-25|2021-09-11_2021-09-25|2024-05-15_2024-05-29|2025-01-15_2025-01-29|2025-09-11_2025-09-25
0.0,1,CPI y/y,Good,10,5,5,50.0,50.0,1.0,2018-09-13_2018-09-27|2018-10-11_2018-10-25|2019-05-10_2019-05-24|2019-06-12_2019-06-26|2019-09-12_2019-09-26|2019-10-09_2019-10-23|2020-04-10_2020-04-24|2022-12-10_2022-12-24|2024-08-14_2024-08-28|2026-01-31_2026-02-14
0.0,1,CPI y/y,Bad,7,4,3,57.1,42.9,1.33,2019-08-10_2019-08-24|2020-08-12_2020-08-26|2020-09-11_2020-09-25|2021-04-10_2021-04-24|2021-11-10_2021-11-24|2022-10-13_2022-10-27|2023-10-12_2023-10-26
0.1,1,CPI y/y,Neutral,16,12,4,75.0,25.0,3.0,2017-12-13_2017-12-27|2018-01-12_2018-01-26|2018-04-11_2018-04-25|2018-05-10_2018-05-24|2018-07-12_2018-07-26|2018-08-10_2018-08-24|2018-09-13_2018-09-27|2018-11-10_2018-11-24|2018-12-12_2018-12-26|2019-06-12_2019-06-26|2020-07-11_2020-07-25|2021-09-11_2021-09-25|2022-10-13_2022-10-27|2024-05-15_2024-05-29|2025-01-15_2025-01-29|2025-09-11_2025-09-25
0.1,1,CPI y/y,Good,8,4,4,50.0,50.0,1.0,2018-10-11_2018-10-25|2019-05-10_2019-05-24|2019-09-12_2019-09-26|2019-10-09_2019-10-23|2020-04-10_2020-04-24|2022-12-10_2022-12-24|2024-08-14_2024-08-28|2026-01-31_2026-02-14
0.1,1,CPI y/y,Bad,6,3,3,50.0,50.0,1.0,2019-08-10_2019-08-24|2020-08-12_2020-08-26|2020-09-11_2020-09-25|2021-04-10_2021-04-24|2021-11-10_2021-11-24|2023-10-12_2023-10-26
0.2,1,CPI y/y,Neutral,27,17,10,63.0,37.0,1.7,2017-12-13_2017-12-27|2018-01-12_2018-01-26|2018-04-11_2018-04-25|2018-05-10_2018-05-24|2018-07-12_2018-07-26|2018-08-10_2018-08-24|2018-09-13_2018-09-27|2018-10-11_2018-10-25|2018-11-10_2018-11-24|2018-12-12_2018-12-26|2019-05-10_2019-05-24|2019-06-12_2019-06-26|2019-08-10_2019-08-24|2019-09-12_2019-09-26|2019-10-09_2019-10-23|2020-04-10_2020-04-24|2020-07-11_2020-07-25|2020-09-11_2020-09-25|2021-04-10_2021-04-24|2021-09-11_2021-09-25|2022-10-13_2022-10-27|2023-10-12_2023-10-26|2024-05-15_2024-05-29|2024-08-14_2024-08-28|2025-01-15_2025-01-29|2025-09-11_2025-09-25|2026-01-31_2026-02-14
0.2,1,CPI y/y,Bad,2,1,1,50.0,50.0,1.0,2020-08-12_2020-08-26|2021-11-10_2021-11-24
0.2,1,CPI y/y,Good,1,1,0,100.0,0.0,inf,2022-12-10_2022-12-24
0.3,1,CPI y/y,Neutral,29,18,11,62.1,37.9,1.64,2017-12-13_2017-12-27|2018-01-12_2018-01-26|2018-04-11_2018-04-25|2018-05-10_2018-05-24|2018-07-12_2018-07-26|2018-08-10_2018-08-24|2018-09-13_2018-09-27|2018-10-11_2018-10-25|2018-11-10_2018-11-24|2018-12-12_2018-12-26|2019-05-10_2019-05-24|2019-06-12_2019-06-26|2019-08-10_2019-08-24|2019-09-12_2019-09-26|2019-10-09_2019-10-23|2020-04-10_2020-04-24|2020-07-11_2020-07-25|2020-09-11_2020-09-25|2021-04-10_2021-04-24|2021-09-11_2021-09-25|2021-11-10_2021-11-24|2022-10-13_2022-10-27|2022-12-10_2022-12-24|2023-10-12_2023-10-26|2024-05-15_2024-05-29|2024-08-14_2024-08-28|2025-01-15_2025-01-29|2025-09-11_2025-09-25|2026-01-31_2026-02-14
0.3,1,CPI y/y,Bad,1,1,0,100.0,0.0,inf,2020-08-12_2020-08-26
0.0,2,CPI m/m|Core CPI m/m,Neutral|Good,3,2,1,66.7,33.3,2.0,2017-12-13_2017-12-27|2019-06-12_2019-06-26|2025-01-15_2025-01-29
0.0,2,CPI m/m|Core CPI m/m,Neutral|Bad,3,3,0,100.0,0.0,inf,2018-01-12_2018-01-26|2019-08-10_2019-08-24|2019-09-12_2019-09-26
0.0,2,CPI m/m|Core CPI m/m,Good|Neutral,4,1,3,25.0,75.0,0.33,2018-04-11_2018-04-25|2018-07-12_2018-07-26|2024-05-15_2024-05-29|2026-01-31_2026-02-14
0.0,2,CPI m/m|Core CPI m/m,Good|Good,8,6,2,75.0,25.0,3.0,2018-05-10_2018-05-24|2018-09-13_2018-09-27|2018-10-11_2018-10-25|2019-05-10_2019-05-24|2019-10-09_2019-10-23|2020-04-10_2020-04-24|2021-09-11_2021-09-25|2022-12-10_2022-12-24
0.0,2,CPI m/m|Core CPI m/m,Neutral|Neutral,4,3,1,75.0,25.0,3.0,2018-08-10_2018-08-24|2018-11-10_2018-11-24|2018-12-12_2018-12-26|2024-08-14_2024-08-28
0.0,2,CPI m/m|Core CPI m/m,Bad|Bad,6,2,4,33.3,66.7,0.5,2020-07-11_2020-07-25|2020-08-12_2020-08-26|2020-09-11_2020-09-25|2021-04-10_2021-04-24|2021-11-10_2021-11-24|2022-10-13_2022-10-27
0.0,2,CPI m/m|Core CPI m/m,Bad|Neutral,2,2,0,100.0,0.0,inf,2023-10-12_2023-10-26|2025-09-11_2025-09-25
0.1,2,CPI m/m|Core CPI m/m,Neutral|Neutral,19,12,7,63.2,36.8,1.71,2017-12-13_2017-12-27|2018-01-12_2018-01-26|2018-04-11_2018-04-25|2018-05-10_2018-05-24|2018-07-12_2018-07-26|2018-08-10_2018-08-24|2018-09-13_2018-09-27|2018-10-11_2018-10-25|2018-11-10_2018-11-24|2018-12-12_2018-12-26|2019-06-12_2019-06-26|2019-08-10_2019-08-24|2019-09-12_2019-09-26|2019-10-09_2019-10-23|2020-07-11_2020-07-25|2021-04-10_2021-04-24|2024-08-14_2024-08-28|2025-01-15_2025-01-29|2026-01-31_2026-02-14
0.1,2,CPI m/m|Core CPI m/m,Good|Neutral,3,1,2,33.3,66.7,0.5,2019-05-10_2019-05-24|2022-12-10_2022-12-24|2024-05-15_2024-05-29
0.1,2,CPI m/m|Core CPI m/m,Good|Good,2,2,0,100.0,0.0,inf,2020-04-10_2020-04-24|2021-09-11_2021-09-25
0.1,2,CPI m/m|Core CPI m/m,Bad|Bad,4,2,2,50.0,50.0,1.0,2020-08-12_2020-08-26|2020-09-11_2020-09-25|2021-11-10_2021-11-24|2022-10-13_2022-10-27
0.1,2,CPI m/m|Core CPI m/m,Bad|Neutral,2,2,0,100.0,0.0,inf,2023-10-12_2023-10-26|2025-09-11_2025-09-25
0.2,2,CPI m/m|Core CPI m/m,Neutral|Neutral,28,18,10,64.3,35.7,1.8,2017-12-13_2017-12-27|2018-01-12_2018-01-26|2018-04-11_2018-04-25|2018-05-10_2018-05-24|2018-07-12_2018-07-26|2018-08-10_2018-08-24|2018-09-13_2018-09-27|2018-10-11_2018-10-25|2018-11-10_2018-11-24|2018-12-12_2018-12-26|2019-05-10_2019-05-24|2019-06-12_2019-06-26|2019-08-10_2019-08-24|2019-09-12_2019-09-26|2019-10-09_2019-10-23|2020-04-10_2020-04-24|2020-07-11_2020-07-25|2020-09-11_2020-09-25|2021-04-10_2021-04-24|2021-09-11_2021-09-25|2022-10-13_2022-10-27|2022-12-10_2022-12-24|2023-10-12_2023-10-26|2024-05-15_2024-05-29|2024-08-14_2024-08-28|2025-01-15_2025-01-29|2025-09-11_2025-09-25|2026-01-31_2026-02-14
0.2,2,CPI m/m|Core CPI m/m,Bad|Bad,1,1,0,100.0,0.0,inf,2020-08-12_2020-08-26
0.2,2,CPI m/m|Core CPI m/m,Bad|Neutral,1,0,1,0.0,100.0,0.0,2021-11-10_2021-11-24
0.3,2,CPI m/m|Core CPI m/m,Neutral|Neutral,28,18,10,64.3,35.7,1.8,2017-12-13_2017-12-27|2018-01-12_2018-01-26|2018-04-11_2018-04-25|2018-05-10_2018-05-24|2018-07-12_2018-07-26|2018-08-10_2018-08-24|2018-09-13_2018-09-27|2018-10-11_2018-10-25|2018-11-10_2018-11-24|2018-12-12_2018-12-26|2019-05-10_2019-05-24|2019-06-12_2019-06-26|2019-08-10_2019-08-24|2019-09-12_2019-09-26|2019-10-09_2019-10-23|2020-04-10_2020-04-24|2020-07-11_2020-07-25|2020-09-11_2020-09-25|2021-04-10_2021-04-24|2021-09-11_2021-09-25|2022-10-13_2022-10-27|2022-12-10_2022-12-24|2023-10-12_2023-10-26|2024-05-15_2024-05-29|2024-08-14_2024-08-28|2025-01-15_2025-01-29|2025-09-11_2025-09-25|2026-01-31_2026-02-14
0.3,2,CPI m/m|Core CPI m/m,Neutral|Bad,1,1,0,100.0,0.0,inf,2020-08-12_2020-08-26
0.3,2,CPI m/m|Core CPI m/m,Bad|Neutral,1,0,1,0.0,100.0,0.0,2021-11-10_2021-11-24
0.0,2,CPI m/m|CPI y/y,Neutral|Neutral,6,6,0,100.0,0.0,inf,2017-12-13_2017-12-27|2018-01-12_2018-01-26|2018-08-10_2018-08-24|2018-11-10_2018-11-24|2018-12-12_2018-12-26|2025-01-15_2025-01-29
0.0,2,CPI m/m|CPI y/y,Good|Neutral,5,3,2,60.0,40.0,1.5,2018-04-11_2018-04-25|2018-05-10_2018-05-24|2018-07-12_2018-07-26|2021-09-11_2021-09-25|2024-05-15_2024-05-29
0.0,2,CPI m/m|CPI y/y,Good|Good,7,4,3,57.1,42.9,1.33,2018-09-13_2018-09-27|2018-10-11_2018-10-25|2019-05-10_2019-05-24|2019-10-09_2019-10-23|2020-04-10_2020-04-24|2022-12-10_2022-12-24|2026-01-31_2026-02-14
0.0,2,CPI m/m|CPI y/y,Neutral|Good,3,1,2,33.3,66.7,0.5,2019-06-12_2019-06-26|2019-09-12_2019-09-26|2024-08-14_2024-08-28
0.0,2,CPI m/m|CPI y/y,Neutral|Bad,1,1,0,100.0,0.0,inf,2019-08-10_2019-08-24
0.0,2,CPI m/m|CPI y/y,Bad|Neutral,2,1,1,50.0,50.0,1.0,2020-07-11_2020-07-25|2025-09-11_2025-09-25
0.0,2,CPI m/m|CPI y/y,Bad|Bad,6,3,3,50.0,50.0,1.0,2020-08-12_2020-08-26|2020-09-11_2020-09-25|2021-04-10_2021-04-24|2021-11-10_2021-11-24|2022-10-13_2022-10-27|2023-10-12_2023-10-26
0.1,2,CPI m/m|CPI y/y,Neutral|Neutral,12,9,3,75.0,25.0,3.0,2017-12-13_2017-12-27|2018-01-12_2018-01-26|2018-04-11_2018-04-25|2018-05-10_2018-05-24|2018-07-12_2018-07-26|2018-08-10_2018-08-24|2018-09-13_2018-09-27|2018-11-10_2018-11-24|2018-12-12_2018-12-26|2019-06-12_2019-06-26|2020-07-11_2020-07-25|2025-01-15_2025-01-29
0.1,2,CPI m/m|CPI y/y,Neutral|Good,5,2,3,40.0,60.0,0.67,2018-10-11_2018-10-25|2019-09-12_2019-09-26|2019-10-09_2019-10-23|2024-08-14_2024-08-28|2026-01-31_2026-02-14
0.1,2,CPI m/m|CPI y/y,Good|Good,3,2,1,66.7,33.3,2.0,2019-05-10_2019-05-24|2020-04-10_2020-04-24|2022-12-10_2022-12-24
0.1,2,CPI m/m|CPI y/y,Neutral|Bad,2,1,1,50.0,50.0,1.0,2019-08-10_2019-08-24|2021-04-10_2021-04-24
0.1,2,CPI m/m|CPI y/y,Bad|Bad,4,2,2,50.0,50.0,1.0,2020-08-12_2020-08-26|2020-09-11_2020-09-25|2021-11-10_2021-11-24|2023-10-12_2023-10-26
0.1,2,CPI m/m|CPI y/y,Good|Neutral,2,1,1,50.0,50.0,1.0,2021-09-11_2021-09-25|2024-05-15_2024-05-29
0.1,2,CPI m/m|CPI y/y,Bad|Neutral,2,2,0,100.0,0.0,inf,2022-10-13_2022-10-27|2025-09-11_2025-09-25
0.2,2,CPI m/m|CPI y/y,Neutral|Neutral,27,17,10,63.0,37.0,1.7,2017-12-13_2017-12-27|2018-01-12_2018-01-26|2018-04-11_2018-04-25|2018-05-10_2018-05-24|2018-07-12_2018-07-26|2018-08-10_2018-08-24|2018-09-13_2018-09-27|2018-10-11_2018-10-25|2018-11-10_2018-11-24|2018-12-12_2018-12-26|2019-05-10_2019-05-24|2019-06-12_2019-06-26|2019-08-10_2019-08-24|2019-09-12_2019-09-26|2019-10-09_2019-10-23|2020-04-10_2020-04-24|2020-07-11_2020-07-25|2020-09-11_2020-09-25|2021-04-10_2021-04-24|2021-09-11_2021-09-25|2022-10-13_2022-10-27|2023-10-12_2023-10-26|2024-05-15_2024-05-29|2024-08-14_2024-08-28|2025-01-15_2025-01-29|2025-09-11_2025-09-25|2026-01-31_2026-02-14
0.2,2,CPI m/m|CPI y/y,Bad|Bad,2,1,1,50.0,50.0,1.0,2020-08-12_2020-08-26|2021-11-10_2021-11-24
0.2,2,CPI m/m|CPI y/y,Neutral|Good,1,1,0,100.0,0.0,inf,2022-12-10_2022-12-24
0.3,2,CPI m/m|CPI y/y,Neutral|Neutral,28,18,10,64.3,35.7,1.8,2017-12-13_2017-12-27|2018-01-12_2018-01-26|2018-04-11_2018-04-25|2018-05-10_2018-05-24|2018-07-12_2018-07-26|2018-08-10_2018-08-24|2018-09-13_2018-09-27|2018-10-11_2018-10-25|2018-11-10_2018-11-24|2018-12-12_2018-12-26|2019-05-10_2019-05-24|2019-06-12_2019-06-26|2019-08-10_2019-08-24|2019-09-12_2019-09-26|2019-10-09_2019-10-23|2020-04-10_2020-04-24|2020-07-11_2020-07-25|2020-09-11_2020-09-25|2021-04-10_2021-04-24|2021-09-11_2021-09-25|2022-10-13_2022-10-27|2022-12-10_2022-12-24|2023-10-12_2023-10-26|2024-05-15_2024-05-29|2024-08-14_2024-08-28|2025-01-15_2025-01-29|2025-09-11_2025-09-25|2026-01-31_2026-02-14
0.3,2,CPI m/m|CPI y/y,Neutral|Bad,1,1,0,100.0,0.0,inf,2020-08-12_2020-08-26
0.3,2,CPI m/m|CPI y/y,Bad|Neutral,1,0,1,0.0,100.0,0.0,2021-11-10_2021-11-24
0.0,2,Core CPI m/m|CPI y/y,Good|Neutral,4,4,0,100.0,0.0,inf,2017-12-13_2017-12-27|2018-05-10_2018-05-24|2021-09-11_2021-09-25|2025-01-15_2025-01-29
0.0,2,Core CPI m/m|CPI y/y,Bad|Neutral,2,1,1,50.0,50.0,1.0,2018-01-12_2018-01-26|2020-07-11_2020-07-25
0.0,2,Core CPI m/m|CPI y/y,Neutral|Neutral,7,5,2,71.4,28.6,2.5,2018-04-11_2018-04-25|2018-07-12_2018-07-26|2018-08-10_2018-08-24|2018-11-10_2018-11-24|2018-12-12_2018-12-26|2024-05-15_2024-05-29|2025-09-11_2025-09-25
0.0,2,Core CPI m/m|CPI y/y,Good|Good,7,4,3,57.1,42.9,1.33,2018-09-13_2018-09-27|2018-10-11_2018-10-25|2019-05-10_2019-05-24|2019-06-12_2019-06-26|2019-10-09_2019-10-23|2020-04-10_2020-04-24|2022-12-10_2022-12-24
0.0,2,Core CPI m/m|CPI y/y,Bad|Bad,6,3,3,50.0,50.0,1.0,2019-08-10_2019-08-24|2020-08-12_2020-08-26|2020-09-11_2020-09-25|2021-04-10_2021-04-24|2021-11-10_2021-11-24|2022-10-13_2022-10-27
0.0,2,Core CPI m/m|CPI y/y,Bad|Good,1,1,0,100.0,0.0,inf,2019-09-12_2019-09-26
0.0,2,Core CPI m/m|CPI y/y,Neutral|Bad,1,1,0,100.0,0.0,inf,2023-10-12_2023-10-26
0.0,2,Core CPI m/m|CPI y/y,Neutral|Good,2,0,2,0.0,100.0,0.0,2024-08-14_2024-08-28|2026-01-31_2026-02-14
0.1,2,Core CPI m/m|CPI y/y,Neutral|Neutral,14,10,4,71.4,28.6,2.5,2017-12-13_2017-12-27|2018-01-12_2018-01-26|2018-04-11_2018-04-25|2018-05-10_2018-05-24|2018-07-12_2018-07-26|2018-08-10_2018-08-24|2018-09-13_2018-09-27|2018-11-10_2018-11-24|2018-12-12_2018-12-26|2019-06-12_2019-06-26|2020-07-11_2020-07-25|2024-05-15_2024-05-29|2025-01-15_2025-01-29|2025-09-11_2025-09-25
0.1,2,Core CPI m/m|CPI y/y,Neutral|Good,7,3,4,42.9,57.1,0.75,2018-10-11_2018-10-25|2019-05-10_2019-05-24|2019-09-12_2019-09-26|2019-10-09_2019-10-23|2022-12-10_2022-12-24|2024-08-14_2024-08-28|2026-01-31_2026-02-14
0.1,2,Core CPI m/m|CPI y/y,Neutral|Bad,3,2,1,66.7,33.3,2.0,2019-08-10_2019-08-24|2021-04-10_2021-04-24|2023-10-12_2023-10-26
0.1,2,Core CPI m/m|CPI y/y,Good|Good,1,1,0,100.0,0.0,inf,2020-04-10_2020-04-24
0.1,2,Core CPI m/m|CPI y/y,Bad|Bad,3,1,2,33.3,66.7,0.5,2020-08-12_2020-08-26|2020-09-11_2020-09-25|2021-11-10_2021-11-24
0.1,2,Core CPI m/m|CPI y/y,Good|Neutral,1,1,0,100.0,0.0,inf,2021-09-11_2021-09-25
0.1,2,Core CPI m/m|CPI y/y,Bad|Neutral,1,1,0,100.0,0.0,inf,2022-10-13_2022-10-27
0.2,2,Core CPI m/m|CPI y/y,Neutral|Neutral,27,17,10,63.0,37.0,1.7,2017-12-13_2017-12-27|2018-01-12_2018-01-26|2018-04-11_2018-04-25|2018-05-10_2018-05-24|2018-07-12_2018-07-26|2018-08-10_2018-08-24|2018-09-13_2018-09-27|2018-10-11_2018-10-25|2018-11-10_2018-11-24|2018-12-12_2018-12-26|2019-05-10_2019-05-24|2019-06-12_2019-06-26|2019-08-10_2019-08-24|2019-09-12_2019-09-26|2019-10-09_2019-10-23|2020-04-10_2020-04-24|2020-07-11_2020-07-25|2020-09-11_2020-09-25|2021-04-10_2021-04-24|2021-09-11_2021-09-25|2022-10-13_2022-10-27|2023-10-12_2023-10-26|2024-05-15_2024-05-29|2024-08-14_2024-08-28|2025-01-15_2025-01-29|2025-09-11_2025-09-25|2026-01-31_2026-02-14
0.2,2,Core CPI m/m|CPI y/y,Bad|Bad,1,1,0,100.0,0.0,inf,2020-08-12_2020-08-26
0.2,2,Core CPI m/m|CPI y/y,Neutral|Bad,1,0,1,0.0,100.0,0.0,2021-11-10_2021-11-24
0.2,2,Core CPI m/m|CPI y/y,Neutral|Good,1,1,0,100.0,0.0,inf,2022-12-10_2022-12-24
0.3,2,Core CPI m/m|CPI y/y,Neutral|Neutral,29,18,11,62.1,37.9,1.64,2017-12-13_2017-12-27|2018-01-12_2018-01-26|2018-04-11_2018-04-25|2018-05-10_2018-05-24|2018-07-12_2018-07-26|2018-08-10_2018-08-24|2018-09-13_2018-09-27|2018-10-11_2018-10-25|2018-11-10_2018-11-24|2018-12-12_2018-12-26|2019-05-10_2019-05-24|2019-06-12_2019-06-26|2019-08-10_2019-08-24|2019-09-12_2019-09-26|2019-10-09_2019-10-23|2020-04-10_2020-04-24|2020-07-11_2020-07-25|2020-09-11_2020-09-25|2021-04-10_2021-04-24|2021-09-11_2021-09-25|2021-11-10_2021-11-24|2022-10-13_2022-10-27|2022-12-10_2022-12-24|2023-10-12_2023-10-26|2024-05-15_2024-05-29|2024-08-14_2024-08-28|2025-01-15_2025-01-29|2025-09-11_2025-09-25|2026-01-31_2026-02-14
0.3,2,Core CPI m/m|CPI y/y,Bad|Bad,1,1,0,100.0,0.0,inf,2020-08-12_2020-08-26
0.0,3,CPI m/m|Core CPI m/m|CPI y/y,Neutral|Good|Neutral,2,2,0,100.0,0.0,inf,2017-12-13_2017-12-27|2025-01-15_2025-01-29
0.0,3,CPI m/m|Core CPI m/m|CPI y/y,Neutral|Bad|Neutral,1,1,0,100.0,0.0,inf,2018-01-12_2018-01-26
0.0,3,CPI m/m|Core CPI m/m|CPI y/y,Good|Neutral|Neutral,3,1,2,33.3,66.7,0.5,2018-04-11_2018-04-25|2018-07-12_2018-07-26|2024-05-15_2024-05-29
0.0,3,CPI m/m|Core CPI m/m|CPI y/y,Good|Good|Neutral,2,2,0,100.0,0.0,inf,2018-05-10_2018-05-24|2021-09-11_2021-09-25
0.0,3,CPI m/m|Core CPI m/m|CPI y/y,Neutral|Neutral|Neutral,3,3,0,100.0,0.0,inf,2018-08-10_2018-08-24|2018-11-10_2018-11-24|2018-12-12_2018-12-26
0.0,3,CPI m/m|Core CPI m/m|CPI y/y,Good|Good|Good,6,4,2,66.7,33.3,2.0,2018-09-13_2018-09-27|2018-10-11_2018-10-25|2019-05-10_2019-05-24|2019-10-09_2019-10-23|2020-04-10_2020-04-24|2022-12-10_2022-12-24
0.0,3,CPI m/m|Core CPI m/m|CPI y/y,Neutral|Good|Good,1,0,1,0.0,100.0,0.0,2019-06-12_2019-06-26
0.0,3,CPI m/m|Core CPI m/m|CPI y/y,Neutral|Bad|Bad,1,1,0,100.0,0.0,inf,2019-08-10_2019-08-24
0.0,3,CPI m/m|Core CPI m/m|CPI y/y,Neutral|Bad|Good,1,1,0,100.0,0.0,inf,2019-09-12_2019-09-26
0.0,3,CPI m/m|Core CPI m/m|CPI y/y,Bad|Bad|Neutral,1,0,1,0.0,100.0,0.0,2020-07-11_2020-07-25
0.0,3,CPI m/m|Core CPI m/m|CPI y/y,Bad|Bad|Bad,5,2,3,40.0,60.0,0.67,2020-08-12_2020-08-26|2020-09-11_2020-09-25|2021-04-10_2021-04-24|2021-11-10_2021-11-24|2022-10-13_2022-10-27
0.0,3,CPI m/m|Core CPI m/m|CPI y/y,Bad|Neutral|Bad,1,1,0,100.0,0.0,inf,2023-10-12_2023-10-26
0.0,3,CPI m/m|Core CPI m/m|CPI y/y,Neutral|Neutral|Good,1,0,1,0.0,100.0,0.0,2024-08-14_2024-08-28
0.0,3,CPI m/m|Core CPI m/m|CPI y/y,Bad|Neutral|Neutral,1,1,0,100.0,0.0,inf,2025-09-11_2025-09-25
0.0,3,CPI m/m|Core CPI m/m|CPI y/y,Good|Neutral|Good,1,0,1,0.0,100.0,0.0,2026-01-31_2026-02-14
0.1,3,CPI m/m|Core CPI m/m|CPI y/y,Neutral|Neutral|Neutral,12,9,3,75.0,25.0,3.0,2017-12-13_2017-12-27|2018-01-12_2018-01-26|2018-04-11_2018-04-25|2018-05-10_2018-05-24|2018-07-12_2018-07-26|2018-08-10_2018-08-24|2018-09-13_2018-09-27|2018-11-10_2018-11-24|2018-12-12_2018-12-26|2019-06-12_2019-06-26|2020-07-11_2020-07-25|2025-01-15_2025-01-29
0.1,3,CPI m/m|Core CPI m/m|CPI y/y,Neutral|Neutral|Good,5,2,3,40.0,60.0,0.67,2018-10-11_2018-10-25|2019-09-12_2019-09-26|2019-10-09_2019-10-23|2024-08-14_2024-08-28|2026-01-31_2026-02-14
0.1,3,CPI m/m|Core CPI m/m|CPI y/y,Good|Neutral|Good,2,1,1,50.0,50.0,1.0,2019-05-10_2019-05-24|2022-12-10_2022-12-24
0.1,3,CPI m/m|Core CPI m/m|CPI y/y,Neutral|Neutral|Bad,2,1,1,50.0,50.0,1.0,2019-08-10_2019-08-24|2021-04-10_2021-04-24
0.1,3,CPI m/m|Core CPI m/m|CPI y/y,Good|Good|Good,1,1,0,100.0,0.0,inf,2020-04-10_2020-04-24
0.1,3,CPI m/m|Core CPI m/m|CPI y/y,Bad|Bad|Bad,3,1,2,33.3,66.7,0.5,2020-08-12_2020-08-26|2020-09-11_2020-09-25|2021-11-10_2021-11-24
0.1,3,CPI m/m|Core CPI m/m|CPI y/y,Good|Good|Neutral,1,1,0,100.0,0.0,inf,2021-09-11_2021-09-25
0.1,3,CPI m/m|Core CPI m/m|CPI y/y,Bad|Bad|Neutral,1,1,0,100.0,0.0,inf,2022-10-13_2022-10-27
0.1,3,CPI m/m|Core CPI m/m|CPI y/y,Bad|Neutral|Bad,1,1,0,100.0,0.0,inf,2023-10-12_2023-10-26
0.1,3,CPI m/m|Core CPI m/m|CPI y/y,Good|Neutral|Neutral,1,0,1,0.0,100.0,0.0,2024-05-15_2024-05-29
0.1,3,CPI m/m|Core CPI m/m|CPI y/y,Bad|Neutral|Neutral,1,1,0,100.0,0.0,inf,2025-09-11_2025-09-25
0.2,3,CPI m/m|Core CPI m/m|CPI y/y,Neutral|Neutral|Neutral,27,17,10,63.0,37.0,1.7,2017-12-13_2017-12-27|2018-01-12_2018-01-26|2018-04-11_2018-04-25|2018-05-10_2018-05-24|2018-07-12_2018-07-26|2018-08-10_2018-08-24|2018-09-13_2018-09-27|2018-10-11_2018-10-25|2018-11-10_2018-11-24|2018-12-12_2018-12-26|2019-05-10_2019-05-24|2019-06-12_2019-06-26|2019-08-10_2019-08-24|2019-09-12_2019-09-26|2019-10-09_2019-10-23|2020-04-10_2020-04-24|2020-07-11_2020-07-25|2020-09-11_2020-09-25|2021-04-10_2021-04-24|2021-09-11_2021-09-25|2022-10-13_2022-10-27|2023-10-12_2023-10-26|2024-05-15_2024-05-29|2024-08-14_2024-08-28|2025-01-15_2025-01-29|2025-09-11_2025-09-25|2026-01-31_2026-02-14
0.2,3,CPI m/m|Core CPI m/m|CPI y/y,Bad|Bad|Bad,1,1,0,100.0,0.0,inf,2020-08-12_2020-08-26
0.2,3,CPI m/m|Core CPI m/m|CPI y/y,Bad|Neutral|Bad,1,0,1,0.0,100.0,0.0,2021-11-10_2021-11-24
0.2,3,CPI m/m|Core CPI m/m|CPI y/y,Neutral|Neutral|Good,1,1,0,100.0,0.0,inf,2022-12-10_2022-12-24
0.3,3,CPI m/m|Core CPI m/m|CPI y/y,Neutral|Neutral|Neutral,28,18,10,64.3,35.7,1.8,2017-12-13_2017-12-27|2018-01-12_2018-01-26|2018-04-11_2018-04-25|2018-05-10_2018-05-24|2018-07-12_2018-07-26|2018-08-10_2018-08-24|2018-09-13_2018-09-27|2018-10-11_2018-10-25|2018-11-10_2018-11-24|2018-12-12_2018-12-26|2019-05-10_2019-05-24|2019-06-12_2019-06-26|2019-08-10_2019-08-24|2019-09-12_2019-09-26|2019-10-09_2019-10-23|2020-04-10_2020-04-24|2020-07-11_2020-07-25|2020-09-11_2020-09-25|2021-04-10_2021-04-24|2021-09-11_2021-09-25|2022-10-13_2022-10-27|2022-12-10_2022-12-24|2023-10-12_2023-10-26|2024-05-15_2024-05-29|2024-08-14_2024-08-28|2025-01-15_2025-01-29|2025-09-11_2025-09-25|2026-01-31_2026-02-14
0.3,3,CPI m/m|Core CPI m/m|CPI y/y,Neutral|Bad|Bad,1,1,0,100.0,0.0,inf,2020-08-12_2020-08-26
0.3,3,CPI m/m|Core CPI m/m|CPI y/y,Bad|Neutral|Neutral,1,0,1,0.0,100.0,0.0,2021-11-10_2021-11-24
