آستانه,تعداد_شاخص‌ها,لیست_شاخص‌ها,الگوی_وضعیت,تعداد_کل_وقوع,تعداد_ضررده,تعداد_سودده,درصد_ضررده,درصد_سودده,نسبت_شانس,دوره‌ها
0.0,1,CPI m/m,Neutral,24,17,7,70.8,29.2,2.43,2018-01-06_2018-01-15|2018-06-05_2018-06-14|2018-08-04_2018-08-13|2018-11-12_2018-11-21|2018-12-12_2018-12-21|2019-01-11_2019-01-20|2019-03-12_2019-03-21|2019-06-10_2019-06-19|2019-08-09_2019-08-18|2019-09-08_2019-09-17|2020-10-12_2020-10-21|2021-01-10_2021-01-19|2022-03-06_2022-03-15|2023-03-11_2023-03-20|2023-08-08_2023-08-17|2023-09-07_2023-09-16|2024-03-05_2024-03-14|2024-08-12_2024-08-21|2024-11-10_2024-11-19|2025-07-08_2025-07-17|2021-02-09_2021-02-18|2021-03-01_2021-03-10|2024-09-11_2024-09-20|2026-01-04_2026-01-13
0.0,1,CPI m/m,Good,22,19,3,86.4,13.6,6.33,2018-04-06_2018-04-15|2018-05-06_2018-05-15|2018-10-03_2018-10-12|2019-02-10_2019-02-19|2019-05-01_2019-05-10|2019-10-08_2019-10-17|2020-02-05_2020-02-14|2020-06-04_2020-06-13|2021-09-07_2021-09-16|2022-08-03_2022-08-12|2022-12-11_2022-12-20|2023-07-09_2023-07-18|2023-11-06_2023-11-15|2024-06-03_2024-06-12|2024-07-03_2024-07-12|2025-03-10_2025-03-19|2025-04-09_2025-04-18|2025-05-09_2025-05-18|2025-06-08_2025-06-17|2025-10-16_2025-10-25|2026-02-13_2026-02-22|2023-06-09_2023-06-18
0.0,1,CPI m/m,Bad,24,16,8,66.7,33.3,2.0,2019-11-07_2019-11-16|2019-12-07_2019-12-16|2020-07-14_2020-07-23|2020-08-03_2020-08-12|2020-09-02_2020-09-11|2020-12-01_2020-12-10|2021-04-10_2021-04-19|2021-07-09_2021-07-18|2021-11-06_2021-11-15|2021-12-06_2021-12-15|2022-07-04_2022-07-13|2022-10-12_2022-10-21|2023-10-07_2023-10-16|2023-12-06_2023-12-15|2024-01-05_2024-01-14|2024-02-04_2024-02-13|2024-04-04_2024-04-13|2024-10-01_2024-10-10|2025-09-06_2025-09-15|2021-10-07_2021-10-16|2022-02-04_2022-02-13|2022-06-04_2022-06-13|2022-09-12_2022-09-21|2025-02-08_2025-02-17
0.1,1,CPI m/m,Neutral,47,36,11,76.6,23.4,3.27,2018-01-06_2018-01-15|2018-04-06_2018-04-15|2018-05-06_2018-05-15|2018-06-05_2018-06-14|2018-08-04_2018-08-13|2018-10-03_2018-10-12|2018-11-12_2018-11-21|2018-12-12_2018-12-21|2019-01-11_2019-01-20|2019-02-10_2019-02-19|2019-03-12_2019-03-21|2019-06-10_2019-06-19|2019-08-09_2019-08-18|2019-09-08_2019-09-17|2019-10-08_2019-10-17|2019-12-07_2019-12-16|2020-02-05_2020-02-14|2020-06-04_2020-06-13|2020-07-14_2020-07-23|2020-10-12_2020-10-21|2020-12-01_2020-12-10|2021-01-10_2021-01-19|2021-04-10_2021-04-19|2022-03-06_2022-03-15|2023-03-11_2023-03-20|2023-07-09_2023-07-18|2023-08-08_2023-08-17|2023-09-07_2023-09-16|2023-11-06_2023-11-15|2023-12-06_2023-12-15|2024-01-05_2024-01-14|2024-02-04_2024-02-13|2024-03-05_2024-03-14|2024-06-03_2024-06-12|2024-08-12_2024-08-21|2024-10-01_2024-10-10|2024-11-10_2024-11-19|2025-03-10_2025-03-19|2025-05-09_2025-05-18|2025-06-08_2025-06-17|2025-07-08_2025-07-17|2026-02-13_2026-02-22|2021-02-09_2021-02-18|2021-03-01_2021-03-10|2023-06-09_2023-06-18|2024-09-11_2024-09-20|2026-01-04_2026-01-13
0.1,1,CPI m/m,Good,7,5,2,71.4,28.6,2.5,2019-05-01_2019-05-10|2021-09-07_2021-09-16|2022-08-03_2022-08-12|2022-12-11_2022-12-20|2024-07-03_2024-07-12|2025-04-09_2025-04-18|2025-10-16_2025-10-25
0.1,1,CPI m/m,Bad,16,11,5,68.8,31.2,2.2,2019-11-07_2019-11-16|2020-08-03_2020-08-12|2020-09-02_2020-09-11|2021-07-09_2021-07-18|2021-11-06_2021-11-15|2021-12-06_2021-12-15|2022-07-04_2022-07-13|2022-10-12_2022-10-21|2023-10-07_2023-10-16|2024-04-04_2024-04-13|2025-09-06_2025-09-15|2021-10-07_2021-10-16|2022-02-04_2022-02-13|2022-06-04_2022-06-13|2022-09-12_2022-09-21|2025-02-08_2025-02-17
0.2,1,CPI m/m,Neutral,66,49,17,74.2,25.8,2.88,2018-01-06_2018-01-15|2018-04-06_2018-04-15|2018-05-06_2018-05-15|2018-06-05_2018-06-14|2018-08-04_2018-08-13|2018-10-03_2018-10-12|2018-11-12_2018-11-21|2018-12-12_2018-12-21|2019-01-11_2019-01-20|2019-02-10_2019-02-19|2019-03-12_2019-03-21|2019-05-01_2019-05-10|2019-06-10_2019-06-19|2019-08-09_2019-08-18|2019-09-08_2019-09-17|2019-10-08_2019-10-17|2019-11-07_2019-11-16|2019-12-07_2019-12-16|2020-02-05_2020-02-14|2020-06-04_2020-06-13|2020-07-14_2020-07-23|2020-09-02_2020-09-11|2020-10-12_2020-10-21|2020-12-01_2020-12-10|2021-01-10_2021-01-19|2021-04-10_2021-04-19|2021-09-07_2021-09-16|2021-12-06_2021-12-15|2022-03-06_2022-03-15|2022-07-04_2022-07-13|2022-08-03_2022-08-12|2022-10-12_2022-10-21|2022-12-11_2022-12-20|2023-03-11_2023-03-20|2023-07-09_2023-07-18|2023-08-08_2023-08-17|2023-09-07_2023-09-16|2023-10-07_2023-10-16|2023-11-06_2023-11-15|2023-12-06_2023-12-15|2024-01-05_2024-01-14|2024-02-04_2024-02-13|2024-03-05_2024-03-14|2024-04-04_2024-04-13|2024-06-03_2024-06-12|2024-07-03_2024-07-12|2024-08-12_2024-08-21|2024-10-01_2024-10-10|2024-11-10_2024-11-19|2025-03-10_2025-03-19|2025-04-09_2025-04-18|2025-05-09_2025-05-18|2025-06-08_2025-06-17|2025-07-08_2025-07-17|2025-09-06_2025-09-15|2025-10-16_2025-10-25|2026-02-13_2026-02-22|2021-02-09_2021-02-18|2021-03-01_2021-03-10|2021-10-07_2021-10-16|2022-02-04_2022-02-13|2022-09-12_2022-09-21|2023-06-09_2023-06-18|2024-09-11_2024-09-20|2025-02-08_2025-02-17|2026-01-04_2026-01-13
0.2,1,CPI m/m,Bad,4,3,1,75.0,25.0,3.0,2020-08-03_2020-08-12|2021-07-09_2021-07-18|2021-11-06_2021-11-15|2022-06-04_2022-06-13
0.3,1,CPI m/m,Neutral,67,49,18,73.1,26.9,2.72,2018-01-06_2018-01-15|2018-04-06_2018-04-15|2018-05-06_2018-05-15|2018-06-05_2018-06-14|2018-08-04_2018-08-13|2018-10-03_2018-10-12|2018-11-12_2018-11-21|2018-12-12_2018-12-21|2019-01-11_2019-01-20|2019-02-10_2019-02-19|2019-03-12_2019-03-21|2019-05-01_2019-05-10|2019-06-10_2019-06-19|2019-08-09_2019-08-18|2019-09-08_2019-09-17|2019-10-08_2019-10-17|2019-11-07_2019-11-16|2019-12-07_2019-12-16|2020-02-05_2020-02-14|2020-06-04_2020-06-13|2020-07-14_2020-07-23|2020-08-03_2020-08-12|2020-09-02_2020-09-11|2020-10-12_2020-10-21|2020-12-01_2020-12-10|2021-01-10_2021-01-19|2021-04-10_2021-04-19|2021-09-07_2021-09-16|2021-12-06_2021-12-15|2022-03-06_2022-03-15|2022-07-04_2022-07-13|2022-08-03_2022-08-12|2022-10-12_2022-10-21|2022-12-11_2022-12-20|2023-03-11_2023-03-20|2023-07-09_2023-07-18|2023-08-08_2023-08-17|2023-09-07_2023-09-16|2023-10-07_2023-10-16|2023-11-06_2023-11-15|2023-12-06_2023-12-15|2024-01-05_2024-01-14|2024-02-04_2024-02-13|2024-03-05_2024-03-14|2024-04-04_2024-04-13|2024-06-03_2024-06-12|2024-07-03_2024-07-12|2024-08-12_2024-08-21|2024-10-01_2024-10-10|2024-11-10_2024-11-19|2025-03-10_2025-03-19|2025-04-09_2025-04-18|2025-05-09_2025-05-18|2025-06-08_2025-06-17|2025-07-08_2025-07-17|2025-09-06_2025-09-15|2025-10-16_2025-10-25|2026-02-13_2026-02-22|2021-02-09_2021-02-18|2021-03-01_2021-03-10|2021-10-07_2021-10-16|2022-02-04_2022-02-13|2022-09-12_2022-09-21|2023-06-09_2023-06-18|2024-09-11_2024-09-20|2025-02-08_2025-02-17|2026-01-04_2026-01-13
0.3,1,CPI m/m,Bad,3,3,0,100.0,0.0,inf,2021-07-09_2021-07-18|2021-11-06_2021-11-15|2022-06-04_2022-06-13
0.0,1,Core CPI m/m,Bad,24,16,8,66.7,33.3,2.0,2018-01-06_2018-01-15|2018-06-05_2018-06-14|2019-08-09_2019-08-18|2019-09-08_2019-09-17|2020-07-14_2020-07-23|2020-08-03_2020-08-12|2020-09-02_2020-09-11|2020-12-01_2020-12-10|2021-04-10_2021-04-19|2021-07-09_2021-07-18|2021-11-06_2021-11-15|2022-07-04_2022-07-13|2022-10-12_2022-10-21|2023-03-11_2023-03-20|2023-09-07_2023-09-16|2024-02-04_2024-02-13|2024-03-05_2024-03-14|2024-04-04_2024-04-13|2024-10-01_2024-10-10|2022-02-04_2022-02-13|2022-06-04_2022-06-13|2022-09-12_2022-09-21|2024-09-11_2024-09-20|2025-02-08_2025-02-17
0.0,1,Core CPI m/m,Neutral,23,16,7,69.6,30.4,2.29,2018-04-06_2018-04-15|2018-08-04_2018-08-13|2018-11-12_2018-11-21|2018-12-12_2018-12-21|2019-01-11_2019-01-20|2019-02-10_2019-02-19|2019-11-07_2019-11-16|2019-12-07_2019-12-16|2020-02-05_2020-02-14|2020-10-12_2020-10-21|2021-01-10_2021-01-19|2021-12-06_2021-12-15|2022-03-06_2022-03-15|2023-08-08_2023-08-17|2023-10-07_2023-10-16|2023-12-06_2023-12-15|2024-01-05_2024-01-14|2024-08-12_2024-08-21|2024-11-10_2024-11-19|2025-09-06_2025-09-15|2026-02-13_2026-02-22|2021-10-07_2021-10-16|2023-06-09_2023-06-18
0.0,1,Core CPI m/m,Good,23,20,3,87.0,13.0,6.67,2018-05-06_2018-05-15|2018-10-03_2018-10-12|2019-03-12_2019-03-21|2019-05-01_2019-05-10|2019-06-10_2019-06-19|2019-10-08_2019-10-17|2020-06-04_2020-06-13|2021-09-07_2021-09-16|2022-08-03_2022-08-12|2022-12-11_2022-12-20|2023-07-09_2023-07-18|2023-11-06_2023-11-15|2024-06-03_2024-06-12|2024-07-03_2024-07-12|2025-03-10_2025-03-19|2025-04-09_2025-04-18|2025-05-09_2025-05-18|2025-06-08_2025-06-17|2025-07-08_2025-07-17|2025-10-16_2025-10-25|2021-02-09_2021-02-18|2021-03-01_2021-03-10|2026-01-04_2026-01-13
0.1,1,Core CPI m/m,Neutral,54,41,13,75.9,24.1,3.15,2018-01-06_2018-01-15|2018-04-06_2018-04-15|2018-05-06_2018-05-15|2018-06-05_2018-06-14|2018-08-04_2018-08-13|2018-10-03_2018-10-12|2018-11-12_2018-11-21|2018-12-12_2018-12-21|2019-01-11_2019-01-20|2019-02-10_2019-02-19|2019-03-12_2019-03-21|2019-05-01_2019-05-10|2019-06-10_2019-06-19|2019-08-09_2019-08-18|2019-09-08_2019-09-17|2019-10-08_2019-10-17|2019-11-07_2019-11-16|2019-12-07_2019-12-16|2020-02-05_2020-02-14|2020-06-04_2020-06-13|2020-07-14_2020-07-23|2020-10-12_2020-10-21|2020-12-01_2020-12-10|2021-01-10_2021-01-19|2021-04-10_2021-04-19|2021-12-06_2021-12-15|2022-03-06_2022-03-15|2022-12-11_2022-12-20|2023-03-11_2023-03-20|2023-07-09_2023-07-18|2023-08-08_2023-08-17|2023-09-07_2023-09-16|2023-10-07_2023-10-16|2023-11-06_2023-11-15|2023-12-06_2023-12-15|2024-01-05_2024-01-14|2024-06-03_2024-06-12|2024-07-03_2024-07-12|2024-08-12_2024-08-21|2024-10-01_2024-10-10|2024-11-10_2024-11-19|2025-03-10_2025-03-19|2025-05-09_2025-05-18|2025-07-08_2025-07-17|2025-09-06_2025-09-15|2025-10-16_2025-10-25|2026-02-13_2026-02-22|2021-03-01_2021-03-10|2021-10-07_2021-10-16|2022-02-04_2022-02-13|2022-06-04_2022-06-13|2023-06-09_2023-06-18|2024-09-11_2024-09-20|2026-01-04_2026-01-13
0.1,1,Core CPI m/m,Bad,11,7,4,63.6,36.4,1.75,2020-08-03_2020-08-12|2020-09-02_2020-09-11|2021-07-09_2021-07-18|2021-11-06_2021-11-15|2022-07-04_2022-07-13|2022-10-12_2022-10-21|2024-02-04_2024-02-13|2024-03-05_2024-03-14|2024-04-04_2024-04-13|2022-09-12_2022-09-21|2025-02-08_2025-02-17
0.1,1,Core CPI m/m,Good,5,4,1,80.0,20.0,4.0,2021-09-07_2021-09-16|2022-08-03_2022-08-12|2025-04-09_2025-04-18|2025-06-08_2025-06-17|2021-02-09_2021-02-18
0.2,1,Core CPI m/m,Neutral,67,51,16,76.1,23.9,3.19,2018-01-06_2018-01-15|2018-04-06_2018-04-15|2018-05-06_2018-05-15|2018-06-05_2018-06-14|2018-08-04_2018-08-13|2018-10-03_2018-10-12|2018-11-12_2018-11-21|2018-12-12_2018-12-21|2019-01-11_2019-01-20|2019-02-10_2019-02-19|2019-03-12_2019-03-21|2019-05-01_2019-05-10|2019-06-10_2019-06-19|2019-08-09_2019-08-18|2019-09-08_2019-09-17|2019-10-08_2019-10-17|2019-11-07_2019-11-16|2019-12-07_2019-12-16|2020-02-05_2020-02-14|2020-06-04_2020-06-13|2020-07-14_2020-07-23|2020-09-02_2020-09-11|2020-10-12_2020-10-21|2020-12-01_2020-12-10|2021-01-10_2021-01-19|2021-04-10_2021-04-19|2021-09-07_2021-09-16|2021-11-06_2021-11-15|2021-12-06_2021-12-15|2022-03-06_2022-03-15|2022-07-04_2022-07-13|2022-08-03_2022-08-12|2022-10-12_2022-10-21|2022-12-11_2022-12-20|2023-03-11_2023-03-20|2023-07-09_2023-07-18|2023-08-08_2023-08-17|2023-09-07_2023-09-16|2023-10-07_2023-10-16|2023-11-06_2023-11-15|2023-12-06_2023-12-15|2024-01-05_2024-01-14|2024-02-04_2024-02-13|2024-03-05_2024-03-14|2024-04-04_2024-04-13|2024-06-03_2024-06-12|2024-07-03_2024-07-12|2024-08-12_2024-08-21|2024-10-01_2024-10-10|2024-11-10_2024-11-19|2025-03-10_2025-03-19|2025-04-09_2025-04-18|2025-05-09_2025-05-18|2025-06-08_2025-06-17|2025-07-08_2025-07-17|2025-09-06_2025-09-15|2025-10-16_2025-10-25|2026-02-13_2026-02-22|2021-02-09_2021-02-18|2021-03-01_2021-03-10|2021-10-07_2021-10-16|2022-02-04_2022-02-13|2022-06-04_2022-06-13|2023-06-09_2023-06-18|2024-09-11_2024-09-20|2025-02-08_2025-02-17|2026-01-04_2026-01-13
0.2,1,Core CPI m/m,Bad,3,1,2,33.3,66.7,0.5,2020-08-03_2020-08-12|2021-07-09_2021-07-18|2022-09-12_2022-09-21
0.3,1,Core CPI m/m,Neutral,68,51,17,75.0,25.0,3.0,2018-01-06_2018-01-15|2018-04-06_2018-04-15|2018-05-06_2018-05-15|2018-06-05_2018-06-14|2018-08-04_2018-08-13|2018-10-03_2018-10-12|2018-11-12_2018-11-21|2018-12-12_2018-12-21|2019-01-11_2019-01-20|2019-02-10_2019-02-19|2019-03-12_2019-03-21|2019-05-01_2019-05-10|2019-06-10_2019-06-19|2019-08-09_2019-08-18|2019-09-08_2019-09-17|2019-10-08_2019-10-17|2019-11-07_2019-11-16|2019-12-07_2019-12-16|2020-02-05_2020-02-14|2020-06-04_2020-06-13|2020-07-14_2020-07-23|2020-09-02_2020-09-11|2020-10-12_2020-10-21|2020-12-01_2020-12-10|2021-01-10_2021-01-19|2021-04-10_2021-04-19|2021-09-07_2021-09-16|2021-11-06_2021-11-15|2021-12-06_2021-12-15|2022-03-06_2022-03-15|2022-07-04_2022-07-13|2022-08-03_2022-08-12|2022-10-12_2022-10-21|2022-12-11_2022-12-20|2023-03-11_2023-03-20|2023-07-09_2023-07-18|2023-08-08_2023-08-17|2023-09-07_2023-09-16|2023-10-07_2023-10-16|2023-11-06_2023-11-15|2023-12-06_2023-12-15|2024-01-05_2024-01-14|2024-02-04_2024-02-13|2024-03-05_2024-03-14|2024-04-04_2024-04-13|2024-06-03_2024-06-12|2024-07-03_2024-07-12|2024-08-12_2024-08-21|2024-10-01_2024-10-10|2024-11-10_2024-11-19|2025-03-10_2025-03-19|2025-04-09_2025-04-18|2025-05-09_2025-05-18|2025-06-08_2025-06-17|2025-07-08_2025-07-17|2025-09-06_2025-09-15|2025-10-16_2025-10-25|2026-02-13_2026-02-22|2021-02-09_2021-02-18|2021-03-01_2021-03-10|2021-10-07_2021-10-16|2022-02-04_2022-02-13|2022-06-04_2022-06-13|2022-09-12_2022-09-21|2023-06-09_2023-06-18|2024-09-11_2024-09-20|2025-02-08_2025-02-17|2026-01-04_2026-01-13
0.3,1,Core CPI m/m,Bad,2,1,1,50.0,50.0,1.0,2020-08-03_2020-08-12|2021-07-09_2021-07-18
0.0,1,PPI m/m,Good,30,24,6,80.0,20.0,4.0,2018-01-06_2018-01-15|2018-05-06_2018-05-15|2018-08-04_2018-08-13|2018-09-03_2018-09-12|2019-01-11_2019-01-20|2019-02-10_2019-02-19|2019-03-12_2019-03-21|2019-10-08_2019-10-17|2019-12-07_2019-12-16|2020-07-04_2020-07-13|2021-01-10_2021-01-19|2022-03-06_2022-03-15|2022-08-03_2022-08-12|2022-11-11_2022-11-20|2023-03-11_2023-03-20|2023-07-09_2023-07-18|2023-11-06_2023-11-15|2024-01-05_2024-01-14|2024-04-04_2024-04-13|2024-06-13_2024-06-22|2024-08-12_2024-08-21|2024-10-11_2024-10-20|2025-03-10_2025-03-19|2025-04-09_2025-04-18|2025-05-09_2025-05-18|2025-06-08_2025-06-17|2025-07-08_2025-07-17|2025-09-06_2025-09-15|2021-10-07_2021-10-16|2023-06-09_2023-06-18
0.0,1,PPI m/m,Bad,29,21,8,72.4,27.6,2.62,2018-04-06_2018-04-15|2018-06-05_2018-06-14|2018-11-02_2018-11-11|2019-04-11_2019-04-20|2019-09-08_2019-09-17|2019-11-07_2019-11-16|2020-02-15_2020-02-24|2020-06-04_2020-06-13|2020-08-03_2020-08-12|2020-09-02_2020-09-11|2020-10-12_2020-10-21|2021-03-11_2021-03-20|2021-03-31_2021-04-09|2021-07-09_2021-07-18|2021-09-07_2021-09-16|2021-12-06_2021-12-15|2022-02-14_2022-02-23|2022-10-12_2022-10-21|2023-08-08_2023-08-17|2023-09-07_2023-09-16|2023-10-07_2023-10-16|2024-03-05_2024-03-14|2024-07-03_2024-07-12|2026-01-24_2026-02-02|2026-02-23_2026-03-04|2021-02-09_2021-02-18|2022-12-01_2022-12-10|2024-09-11_2024-09-20|2025-02-08_2025-02-17
0.0,1,PPI m/m,Neutral,11,7,4,63.6,36.4,1.75,2018-10-03_2018-10-12|2019-05-01_2019-05-10|2019-06-10_2019-06-19|2019-08-09_2019-08-18|2020-12-11_2020-12-20|2021-11-06_2021-11-15|2022-06-14_2022-06-23|2023-12-06_2023-12-15|2024-11-10_2024-11-19|2025-11-25_2025-12-04|2022-09-12_2022-09-21
0.1,1,PPI m/m,Good,21,17,4,81.0,19.0,4.25,2018-01-06_2018-01-15|2018-08-04_2018-08-13|2018-09-03_2018-09-12|2019-02-10_2019-02-19|2019-10-08_2019-10-17|2019-12-07_2019-12-16|2020-07-04_2020-07-13|2021-01-10_2021-01-19|2022-03-06_2022-03-15|2022-08-03_2022-08-12|2022-11-11_2022-11-20|2023-03-11_2023-03-20|2023-11-06_2023-11-15|2024-01-05_2024-01-14|2024-06-13_2024-06-22|2025-03-10_2025-03-19|2025-04-09_2025-04-18|2025-05-09_2025-05-18|2025-07-08_2025-07-17|2025-09-06_2025-09-15|2023-06-09_2023-06-18
0.1,1,PPI m/m,Bad,21,16,5,76.2,23.8,3.2,2018-04-06_2018-04-15|2018-06-05_2018-06-14|2018-11-02_2018-11-11|2019-04-11_2019-04-20|2019-11-07_2019-11-16|2020-02-15_2020-02-24|2020-06-04_2020-06-13|2020-08-03_2020-08-12|2020-10-12_2020-10-21|2021-03-31_2021-04-09|2021-07-09_2021-07-18|2021-12-06_2021-12-15|2022-02-14_2022-02-23|2022-10-12_2022-10-21|2023-09-07_2023-09-16|2023-10-07_2023-10-16|2024-03-05_2024-03-14|2026-01-24_2026-02-02|2026-02-23_2026-03-04|2021-02-09_2021-02-18|2025-02-08_2025-02-17
0.1,1,PPI m/m,Neutral,28,19,9,67.9,32.1,2.11,2018-05-06_2018-05-15|2018-10-03_2018-10-12|2019-01-11_2019-01-20|2019-03-12_2019-03-21|2019-05-01_2019-05-10|2019-06-10_2019-06-19|2019-08-09_2019-08-18|2019-09-08_2019-09-17|2020-09-02_2020-09-11|2020-12-11_2020-12-20|2021-03-11_2021-03-20|2021-09-07_2021-09-16|2021-11-06_2021-11-15|2022-06-14_2022-06-23|2023-07-09_2023-07-18|2023-08-08_2023-08-17|2023-12-06_2023-12-15|2024-04-04_2024-04-13|2024-07-03_2024-07-12|2024-08-12_2024-08-21|2024-10-11_2024-10-20|2024-11-10_2024-11-19|2025-06-08_2025-06-17|2025-11-25_2025-12-04|2021-10-07_2021-10-16|2022-09-12_2022-09-21|2022-12-01_2022-12-10|2024-09-11_2024-09-20
0.2,1,PPI m/m,Good,12,10,2,83.3,16.7,5.0,2018-01-06_2018-01-15|2018-09-03_2018-09-12|2019-10-08_2019-10-17|2020-07-04_2020-07-13|2022-08-03_2022-08-12|2023-03-11_2023-03-20|2023-11-06_2023-11-15|2024-06-13_2024-06-22|2025-03-10_2025-03-19|2025-04-09_2025-04-18|2025-05-09_2025-05-18|2025-09-06_2025-09-15
0.2,1,PPI m/m,Neutral,45,33,12,73.3,26.7,2.75,2018-04-06_2018-04-15|2018-05-06_2018-05-15|2018-06-05_2018-06-14|2018-08-04_2018-08-13|2018-10-03_2018-10-12|2019-01-11_2019-01-20|2019-02-10_2019-02-19|2019-03-12_2019-03-21|2019-05-01_2019-05-10|2019-06-10_2019-06-19|2019-08-09_2019-08-18|2019-09-08_2019-09-17|2019-11-07_2019-11-16|2019-12-07_2019-12-16|2020-09-02_2020-09-11|2020-10-12_2020-10-21|2020-12-11_2020-12-20|2021-01-10_2021-01-19|2021-03-11_2021-03-20|2021-09-07_2021-09-16|2021-11-06_2021-11-15|2022-03-06_2022-03-15|2022-06-14_2022-06-23|2022-10-12_2022-10-21|2022-11-11_2022-11-20|2023-07-09_2023-07-18|2023-08-08_2023-08-17|2023-10-07_2023-10-16|2023-12-06_2023-12-15|2024-01-05_2024-01-14|2024-04-04_2024-04-13|2024-07-03_2024-07-12|2024-08-12_2024-08-21|2024-10-11_2024-10-20|2024-11-10_2024-11-19|2025-06-08_2025-06-17|2025-07-08_2025-07-17|2025-11-25_2025-12-04|2026-02-23_2026-03-04|2021-10-07_2021-10-16|2022-09-12_2022-09-21|2022-12-01_2022-12-10|2023-06-09_2023-06-18|2024-09-11_2024-09-20|2025-02-08_2025-02-17
0.2,1,PPI m/m,Bad,13,9,4,69.2,30.8,2.25,2018-11-02_2018-11-11|2019-04-11_2019-04-20|2020-02-15_2020-02-24|2020-06-04_2020-06-13|2020-08-03_2020-08-12|2021-03-31_2021-04-09|2021-07-09_2021-07-18|2021-12-06_2021-12-15|2022-02-14_2022-02-23|2023-09-07_2023-09-16|2024-03-05_2024-03-14|2026-01-24_2026-02-02|2021-02-09_2021-02-18
0.3,1,PPI m/m,Good,11,9,2,81.8,18.2,4.5,2018-01-06_2018-01-15|2018-09-03_2018-09-12|2019-10-08_2019-10-17|2020-07-04_2020-07-13|2022-08-03_2022-08-12|2023-03-11_2023-03-20|2023-11-06_2023-11-15|2024-06-13_2024-06-22|2025-04-09_2025-04-18|2025-05-09_2025-05-18|2025-09-06_2025-09-15
0.3,1,PPI m/m,Neutral,51,37,14,72.5,27.5,2.64,2018-04-06_2018-04-15|2018-05-06_2018-05-15|2018-06-05_2018-06-14|2018-08-04_2018-08-13|2018-10-03_2018-10-12|2019-01-11_2019-01-20|2019-02-10_2019-02-19|2019-03-12_2019-03-21|2019-04-11_2019-04-20|2019-05-01_2019-05-10|2019-06-10_2019-06-19|2019-08-09_2019-08-18|2019-09-08_2019-09-17|2019-11-07_2019-11-16|2019-12-07_2019-12-16|2020-08-03_2020-08-12|2020-09-02_2020-09-11|2020-10-12_2020-10-21|2020-12-11_2020-12-20|2021-01-10_2021-01-19|2021-03-11_2021-03-20|2021-09-07_2021-09-16|2021-11-06_2021-11-15|2022-03-06_2022-03-15|2022-06-14_2022-06-23|2022-10-12_2022-10-21|2022-11-11_2022-11-20|2023-07-09_2023-07-18|2023-08-08_2023-08-17|2023-09-07_2023-09-16|2023-10-07_2023-10-16|2023-12-06_2023-12-15|2024-01-05_2024-01-14|2024-03-05_2024-03-14|2024-04-04_2024-04-13|2024-07-03_2024-07-12|2024-08-12_2024-08-21|2024-10-11_2024-10-20|2024-11-10_2024-11-19|2025-03-10_2025-03-19|2025-06-08_2025-06-17|2025-07-08_2025-07-17|2025-11-25_2025-12-04|2026-01-24_2026-02-02|2026-02-23_2026-03-04|2021-10-07_2021-10-16|2022-09-12_2022-09-21|2022-12-01_2022-12-10|2023-06-09_2023-06-18|2024-09-11_2024-09-20|2025-02-08_2025-02-17
0.3,1,PPI m/m,Bad,8,6,2,75.0,25.0,3.0,2018-11-02_2018-11-11|2020-02-15_2020-02-24|2020-06-04_2020-06-13|2021-03-31_2021-04-09|2021-07-09_2021-07-18|2021-12-06_2021-12-15|2022-02-14_2022-02-23|2021-02-09_2021-02-18
0.0,1,Core PPI m/m,Good,31,24,7,77.4,22.6,3.43,2018-01-06_2018-01-15|2018-08-04_2018-08-13|2018-09-03_2018-09-12|2019-01-11_2019-01-20|2019-03-12_2019-03-21|2019-05-01_2019-05-10|2019-08-09_2019-08-18|2019-10-08_2019-10-17|2019-12-07_2019-12-16|2020-07-04_2020-07-13|2020-12-11_2020-12-20|2021-11-06_2021-11-15|2022-03-06_2022-03-15|2022-06-14_2022-06-23|2022-08-03_2022-08-12|2022-11-11_2022-11-20|2023-03-11_2023-03-20|2023-07-09_2023-07-18|2023-11-06_2023-11-15|2023-12-06_2023-12-15|2024-01-05_2024-01-14|2024-06-13_2024-06-22|2024-08-12_2024-08-21|2025-03-10_2025-03-19|2025-04-09_2025-04-18|2025-05-09_2025-05-18|2025-06-08_2025-06-17|2025-07-08_2025-07-17|2025-09-06_2025-09-15|2025-11-25_2025-12-04|2021-10-07_2021-10-16
0.0,1,Core PPI m/m,Bad,26,19,7,73.1,26.9,2.71,2018-04-06_2018-04-15|2018-06-05_2018-06-14|2018-11-02_2018-11-11|2019-02-10_2019-02-19|2019-04-11_2019-04-20|2019-09-08_2019-09-17|2019-11-07_2019-11-16|2020-02-15_2020-02-24|2020-08-03_2020-08-12|2020-09-02_2020-09-11|2020-10-12_2020-10-21|2021-03-31_2021-04-09|2021-07-09_2021-07-18|2021-09-07_2021-09-16|2021-12-06_2021-12-15|2022-02-14_2022-02-23|2023-08-08_2023-08-17|2023-10-07_2023-10-16|2024-03-05_2024-03-14|2024-07-03_2024-07-12|2026-01-24_2026-02-02|2026-02-23_2026-03-04|2021-02-09_2021-02-18|2022-09-12_2022-09-21|2022-12-01_2022-12-10|2024-09-11_2024-09-20
0.0,1,Core PPI m/m,Neutral,13,9,4,69.2,30.8,2.25,2018-05-06_2018-05-15|2018-10-03_2018-10-12|2019-06-10_2019-06-19|2020-06-04_2020-06-13|2021-01-10_2021-01-19|2021-03-11_2021-03-20|2022-10-12_2022-10-21|2023-09-07_2023-09-16|2024-04-04_2024-04-13|2024-10-11_2024-10-20|2024-11-10_2024-11-19|2023-06-09_2023-06-18|2025-02-08_2025-02-17
0.1,1,Core PPI m/m,Good,23,17,6,73.9,26.1,2.83,2018-01-06_2018-01-15|2018-09-03_2018-09-12|2019-01-11_2019-01-20|2019-08-09_2019-08-18|2019-10-08_2019-10-17|2019-12-07_2019-12-16|2020-07-04_2020-07-13|2022-03-06_2022-03-15|2022-08-03_2022-08-12|2022-11-11_2022-11-20|2023-03-11_2023-03-20|2023-11-06_2023-11-15|2023-12-06_2023-12-15|2024-01-05_2024-01-14|2024-06-13_2024-06-22|2024-08-12_2024-08-21|2025-03-10_2025-03-19|2025-04-09_2025-04-18|2025-05-09_2025-05-18|2025-06-08_2025-06-17|2025-07-08_2025-07-17|2025-09-06_2025-09-15|2021-10-07_2021-10-16
0.1,1,Core PPI m/m,Neutral,32,26,6,81.2,18.8,4.33,2018-04-06_2018-04-15|2018-05-06_2018-05-15|2018-06-05_2018-06-14|2018-08-04_2018-08-13|2018-10-03_2018-10-12|2019-02-10_2019-02-19|2019-03-12_2019-03-21|2019-04-11_2019-04-20|2019-05-01_2019-05-10|2019-06-10_2019-06-19|2019-09-08_2019-09-17|2019-11-07_2019-11-16|2020-06-04_2020-06-13|2020-12-11_2020-12-20|2021-01-10_2021-01-19|2021-03-11_2021-03-20|2021-09-07_2021-09-16|2021-11-06_2021-11-15|2022-06-14_2022-06-23|2022-10-12_2022-10-21|2023-07-09_2023-07-18|2023-08-08_2023-08-17|2023-09-07_2023-09-16|2023-10-07_2023-10-16|2024-03-05_2024-03-14|2024-04-04_2024-04-13|2024-10-11_2024-10-20|2024-11-10_2024-11-19|2025-11-25_2025-12-04|2023-06-09_2023-06-18|2024-09-11_2024-09-20|2025-02-08_2025-02-17
0.1,1,Core PPI m/m,Bad,15,9,6,60.0,40.0,1.5,2018-11-02_2018-11-11|2020-02-15_2020-02-24|2020-08-03_2020-08-12|2020-09-02_2020-09-11|2020-10-12_2020-10-21|2021-03-31_2021-04-09|2021-07-09_2021-07-18|2021-12-06_2021-12-15|2022-02-14_2022-02-23|2024-07-03_2024-07-12|2026-01-24_2026-02-02|2026-02-23_2026-03-04|2021-02-09_2021-02-18|2022-09-12_2022-09-21|2022-12-01_2022-12-10
0.2,1,Core PPI m/m,Good,17,12,5,70.6,29.4,2.4,2018-01-06_2018-01-15|2018-09-03_2018-09-12|2019-01-11_2019-01-20|2019-08-09_2019-08-18|2019-10-08_2019-10-17|2019-12-07_2019-12-16|2020-07-04_2020-07-13|2022-03-06_2022-03-15|2022-11-11_2022-11-20|2023-03-11_2023-03-20|2023-11-06_2023-11-15|2024-06-13_2024-06-22|2025-03-10_2025-03-19|2025-04-09_2025-04-18|2025-05-09_2025-05-18|2025-09-06_2025-09-15|2021-10-07_2021-10-16
0.2,1,Core PPI m/m,Neutral,43,33,10,76.7,23.3,3.3,2018-04-06_2018-04-15|2018-05-06_2018-05-15|2018-06-05_2018-06-14|2018-08-04_2018-08-13|2018-10-03_2018-10-12|2019-02-10_2019-02-19|2019-03-12_2019-03-21|2019-04-11_2019-04-20|2019-05-01_2019-05-10|2019-06-10_2019-06-19|2019-09-08_2019-09-17|2019-11-07_2019-11-16|2020-06-04_2020-06-13|2020-09-02_2020-09-11|2020-10-12_2020-10-21|2020-12-11_2020-12-20|2021-01-10_2021-01-19|2021-03-11_2021-03-20|2021-09-07_2021-09-16|2021-11-06_2021-11-15|2022-06-14_2022-06-23|2022-08-03_2022-08-12|2022-10-12_2022-10-21|2023-07-09_2023-07-18|2023-08-08_2023-08-17|2023-09-07_2023-09-16|2023-10-07_2023-10-16|2023-12-06_2023-12-15|2024-01-05_2024-01-14|2024-03-05_2024-03-14|2024-04-04_2024-04-13|2024-07-03_2024-07-12|2024-08-12_2024-08-21|2024-10-11_2024-10-20|2024-11-10_2024-11-19|2025-06-08_2025-06-17|2025-07-08_2025-07-17|2025-11-25_2025-12-04|2022-09-12_2022-09-21|2022-12-01_2022-12-10|2023-06-09_2023-06-18|2024-09-11_2024-09-20|2025-02-08_2025-02-17
0.2,1,Core PPI m/m,Bad,10,7,3,70.0,30.0,2.33,2018-11-02_2018-11-11|2020-02-15_2020-02-24|2020-08-03_2020-08-12|2021-03-31_2021-04-09|2021-07-09_2021-07-18|2021-12-06_2021-12-15|2022-02-14_2022-02-23|2026-01-24_2026-02-02|2026-02-23_2026-03-04|2021-02-09_2021-02-18
0.3,1,Core PPI m/m,Good,13,9,4,69.2,30.8,2.25,2018-01-06_2018-01-15|2018-09-03_2018-09-12|2019-01-11_2019-01-20|2019-08-09_2019-08-18|2019-10-08_2019-10-17|2019-12-07_2019-12-16|2020-07-04_2020-07-13|2022-03-06_2022-03-15|2023-03-11_2023-03-20|2025-03-10_2025-03-19|2025-04-09_2025-04-18|2025-05-09_2025-05-18|2025-09-06_2025-09-15
0.3,1,Core PPI m/m,Neutral,50,37,13,74.0,26.0,2.85,2018-04-06_2018-04-15|2018-05-06_2018-05-15|2018-06-05_2018-06-14|2018-08-04_2018-08-13|2018-10-03_2018-10-12|2018-11-02_2018-11-11|2019-02-10_2019-02-19|2019-03-12_2019-03-21|2019-04-11_2019-04-20|2019-05-01_2019-05-10|2019-06-10_2019-06-19|2019-09-08_2019-09-17|2019-11-07_2019-11-16|2020-02-15_2020-02-24|2020-06-04_2020-06-13|2020-09-02_2020-09-11|2020-10-12_2020-10-21|2020-12-11_2020-12-20|2021-01-10_2021-01-19|2021-03-11_2021-03-20|2021-09-07_2021-09-16|2021-11-06_2021-11-15|2021-12-06_2021-12-15|2022-06-14_2022-06-23|2022-08-03_2022-08-12|2022-10-12_2022-10-21|2022-11-11_2022-11-20|2023-07-09_2023-07-18|2023-08-08_2023-08-17|2023-09-07_2023-09-16|2023-10-07_2023-10-16|2023-11-06_2023-11-15|2023-12-06_2023-12-15|2024-01-05_2024-01-14|2024-03-05_2024-03-14|2024-04-04_2024-04-13|2024-06-13_2024-06-22|2024-07-03_2024-07-12|2024-08-12_2024-08-21|2024-10-11_2024-10-20|2024-11-10_2024-11-19|2025-06-08_2025-06-17|2025-07-08_2025-07-17|2025-11-25_2025-12-04|2021-10-07_2021-10-16|2022-09-12_2022-09-21|2022-12-01_2022-12-10|2023-06-09_2023-06-18|2024-09-11_2024-09-20|2025-02-08_2025-02-17
0.3,1,Core PPI m/m,Bad,7,6,1,85.7,14.3,6.0,2020-08-03_2020-08-12|2021-03-31_2021-04-09|2021-07-09_2021-07-18|2022-02-14_2022-02-23|2026-01-24_2026-02-02|2026-02-23_2026-03-04|2021-02-09_2021-02-18
0.0,1,FOMC,Neutral,11,7,4,63.6,36.4,1.75,2023-03-21_2023-03-30|2023-04-30_2023-05-09|2023-07-19_2023-07-28|2023-09-17_2023-09-26|2023-10-27_2023-11-05|2023-12-06_2023-12-15|2024-06-03_2024-06-12|2024-07-23_2024-08-01|2024-10-31_2024-11-09|2025-01-29_2025-02-07|2023-06-09_2023-06-18
0.0,1,FOMC,Good,1,1,0,100.0,0.0,inf,2024-09-11_2024-09-20
0.1,1,FOMC,Neutral,11,7,4,63.6,36.4,1.75,2023-03-21_2023-03-30|2023-04-30_2023-05-09|2023-07-19_2023-07-28|2023-09-17_2023-09-26|2023-10-27_2023-11-05|2023-12-06_2023-12-15|2024-06-03_2024-06-12|2024-07-23_2024-08-01|2024-10-31_2024-11-09|2025-01-29_2025-02-07|2023-06-09_2023-06-18
0.1,1,FOMC,Good,1,1,0,100.0,0.0,inf,2024-09-11_2024-09-20
0.2,1,FOMC,Neutral,11,7,4,63.6,36.4,1.75,2023-03-21_2023-03-30|2023-04-30_2023-05-09|2023-07-19_2023-07-28|2023-09-17_2023-09-26|2023-10-27_2023-11-05|2023-12-06_2023-12-15|2024-06-03_2024-06-12|2024-07-23_2024-08-01|2024-10-31_2024-11-09|2025-01-29_2025-02-07|2023-06-09_2023-06-18
0.2,1,FOMC,Good,1,1,0,100.0,0.0,inf,2024-09-11_2024-09-20
0.3,1,FOMC,Neutral,12,8,4,66.7,33.3,2.0,2023-03-21_2023-03-30|2023-04-30_2023-05-09|2023-07-19_2023-07-28|2023-09-17_2023-09-26|2023-10-27_2023-11-05|2023-12-06_2023-12-15|2024-06-03_2024-06-12|2024-07-23_2024-08-01|2024-10-31_2024-11-09|2025-01-29_2025-02-07|2023-06-09_2023-06-18|2024-09-11_2024-09-20
0.0,1,CPI y/y,Neutral,23,17,6,73.9,26.1,2.83,2018-01-06_2018-01-15|2018-04-06_2018-04-15|2018-05-06_2018-05-15|2018-06-05_2018-06-14|2018-08-04_2018-08-13|2018-11-12_2018-11-21|2018-12-12_2018-12-21|2019-01-11_2019-01-20|2020-07-14_2020-07-23|2020-10-12_2020-10-21|2020-12-01_2020-12-10|2021-01-10_2021-01-19|2021-09-07_2021-09-16|2021-12-06_2021-12-15|2022-03-06_2022-03-15|2023-03-11_2023-03-20|2023-12-06_2023-12-15|2024-11-10_2024-11-19|2025-09-06_2025-09-15|2021-02-09_2021-02-18|2021-03-01_2021-03-10|2024-09-11_2024-09-20|2026-01-04_2026-01-13
0.0,1,CPI y/y,Good,23,19,4,82.6,17.4,4.75,2018-10-03_2018-10-12|2019-03-12_2019-03-21|2019-05-01_2019-05-10|2019-06-10_2019-06-19|2019-09-08_2019-09-17|2019-10-08_2019-10-17|2020-06-04_2020-06-13|2022-08-03_2022-08-12|2022-12-11_2022-12-20|2023-07-09_2023-07-18|2023-08-08_2023-08-17|2023-11-06_2023-11-15|2024-06-03_2024-06-12|2024-07-03_2024-07-12|2024-08-12_2024-08-21|2025-03-10_2025-03-19|2025-04-09_2025-04-18|2025-05-09_2025-05-18|2025-06-08_2025-06-17|2025-10-16_2025-10-25|2025-12-15_2025-12-24|2026-02-13_2026-02-22|2023-06-09_2023-06-18
0.0,1,CPI y/y,Bad,25,17,8,68.0,32.0,2.12,2019-02-10_2019-02-19|2019-08-09_2019-08-18|2019-11-07_2019-11-16|2019-12-07_2019-12-16|2020-02-05_2020-02-14|2020-08-03_2020-08-12|2020-09-02_2020-09-11|2021-04-10_2021-04-19|2021-07-09_2021-07-18|2021-11-06_2021-11-15|2022-07-04_2022-07-13|2022-10-12_2022-10-21|2023-09-07_2023-09-16|2023-10-07_2023-10-16|2024-01-05_2024-01-14|2024-02-04_2024-02-13|2024-03-05_2024-03-14|2024-04-04_2024-04-13|2024-10-01_2024-10-10|2025-07-08_2025-07-17|2021-10-07_2021-10-16|2022-02-04_2022-02-13|2022-06-04_2022-06-13|2022-09-12_2022-09-21|2025-02-08_2025-02-17
0.1,1,CPI y/y,Neutral,28,20,8,71.4,28.6,2.5,2018-01-06_2018-01-15|2018-04-06_2018-04-15|2018-05-06_2018-05-15|2018-06-05_2018-06-14|2018-08-04_2018-08-13|2018-11-12_2018-11-21|2018-12-12_2018-12-21|2019-01-11_2019-01-20|2019-06-10_2019-06-19|2020-07-14_2020-07-23|2020-10-12_2020-10-21|2020-12-01_2020-12-10|2021-01-10_2021-01-19|2021-09-07_2021-09-16|2021-12-06_2021-12-15|2022-03-06_2022-03-15|2022-10-12_2022-10-21|2023-03-11_2023-03-20|2023-08-08_2023-08-17|2023-11-06_2023-11-15|2023-12-06_2023-12-15|2024-11-10_2024-11-19|2025-09-06_2025-09-15|2021-02-09_2021-02-18|2021-03-01_2021-03-10|2023-06-09_2023-06-18|2024-09-11_2024-09-20|2026-01-04_2026-01-13
0.1,1,CPI y/y,Good,19,17,2,89.5,10.5,8.5,2018-10-03_2018-10-12|2019-03-12_2019-03-21|2019-05-01_2019-05-10|2019-09-08_2019-09-17|2019-10-08_2019-10-17|2020-06-04_2020-06-13|2022-08-03_2022-08-12|2022-12-11_2022-12-20|2023-07-09_2023-07-18|2024-06-03_2024-06-12|2024-07-03_2024-07-12|2024-08-12_2024-08-21|2025-03-10_2025-03-19|2025-04-09_2025-04-18|2025-05-09_2025-05-18|2025-06-08_2025-06-17|2025-10-16_2025-10-25|2025-12-15_2025-12-24|2026-02-13_2026-02-22
0.1,1,CPI y/y,Bad,24,16,8,66.7,33.3,2.0,2019-02-10_2019-02-19|2019-08-09_2019-08-18|2019-11-07_2019-11-16|2019-12-07_2019-12-16|2020-02-05_2020-02-14|2020-08-03_2020-08-12|2020-09-02_2020-09-11|2021-04-10_2021-04-19|2021-07-09_2021-07-18|2021-11-06_2021-11-15|2022-07-04_2022-07-13|2023-09-07_2023-09-16|2023-10-07_2023-10-16|2024-01-05_2024-01-14|2024-02-04_2024-02-13|2024-03-05_2024-03-14|2024-04-04_2024-04-13|2024-10-01_2024-10-10|2025-07-08_2025-07-17|2021-10-07_2021-10-16|2022-02-04_2022-02-13|2022-06-04_2022-06-13|2022-09-12_2022-09-21|2025-02-08_2025-02-17
0.2,1,CPI y/y,Neutral,61,46,15,75.4,24.6,3.07,2018-01-06_2018-01-15|2018-04-06_2018-04-15|2018-05-06_2018-05-15|2018-06-05_2018-06-14|2018-08-04_2018-08-13|2018-10-03_2018-10-12|2018-11-12_2018-11-21|2018-12-12_2018-12-21|2019-01-11_2019-01-20|2019-02-10_2019-02-19|2019-03-12_2019-03-21|2019-05-01_2019-05-10|2019-06-10_2019-06-19|2019-08-09_2019-08-18|2019-09-08_2019-09-17|2019-10-08_2019-10-17|2019-11-07_2019-11-16|2019-12-07_2019-12-16|2020-02-05_2020-02-14|2020-06-04_2020-06-13|2020-07-14_2020-07-23|2020-09-02_2020-09-11|2020-10-12_2020-10-21|2020-12-01_2020-12-10|2021-01-10_2021-01-19|2021-04-10_2021-04-19|2021-09-07_2021-09-16|2021-12-06_2021-12-15|2022-03-06_2022-03-15|2022-08-03_2022-08-12|2022-10-12_2022-10-21|2023-03-11_2023-03-20|2023-07-09_2023-07-18|2023-08-08_2023-08-17|2023-09-07_2023-09-16|2023-10-07_2023-10-16|2023-11-06_2023-11-15|2023-12-06_2023-12-15|2024-01-05_2024-01-14|2024-03-05_2024-03-14|2024-04-04_2024-04-13|2024-06-03_2024-06-12|2024-07-03_2024-07-12|2024-08-12_2024-08-21|2024-10-01_2024-10-10|2024-11-10_2024-11-19|2025-03-10_2025-03-19|2025-04-09_2025-04-18|2025-05-09_2025-05-18|2025-06-08_2025-06-17|2025-07-08_2025-07-17|2025-09-06_2025-09-15|2025-10-16_2025-10-25|2026-02-13_2026-02-22|2021-02-09_2021-02-18|2021-03-01_2021-03-10|2021-10-07_2021-10-16|2023-06-09_2023-06-18|2024-09-11_2024-09-20|2025-02-08_2025-02-17|2026-01-04_2026-01-13
0.2,1,CPI y/y,Bad,8,6,2,75.0,25.0,3.0,2020-08-03_2020-08-12|2021-07-09_2021-07-18|2021-11-06_2021-11-15|2022-07-04_2022-07-13|2024-02-04_2024-02-13|2022-02-04_2022-02-13|2022-06-04_2022-06-13|2022-09-12_2022-09-21
0.2,1,CPI y/y,Good,2,1,1,50.0,50.0,1.0,2022-12-11_2022-12-20|2025-12-15_2025-12-24
0.3,1,CPI y/y,Neutral,67,50,17,74.6,25.4,2.94,2018-01-06_2018-01-15|2018-04-06_2018-04-15|2018-05-06_2018-05-15|2018-06-05_2018-06-14|2018-08-04_2018-08-13|2018-10-03_2018-10-12|2018-11-12_2018-11-21|2018-12-12_2018-12-21|2019-01-11_2019-01-20|2019-02-10_2019-02-19|2019-03-12_2019-03-21|2019-05-01_2019-05-10|2019-06-10_2019-06-19|2019-08-09_2019-08-18|2019-09-08_2019-09-17|2019-10-08_2019-10-17|2019-11-07_2019-11-16|2019-12-07_2019-12-16|2020-02-05_2020-02-14|2020-06-04_2020-06-13|2020-07-14_2020-07-23|2020-09-02_2020-09-11|2020-10-12_2020-10-21|2020-12-01_2020-12-10|2021-01-10_2021-01-19|2021-04-10_2021-04-19|2021-09-07_2021-09-16|2021-11-06_2021-11-15|2021-12-06_2021-12-15|2022-03-06_2022-03-15|2022-08-03_2022-08-12|2022-10-12_2022-10-21|2022-12-11_2022-12-20|2023-03-11_2023-03-20|2023-07-09_2023-07-18|2023-08-08_2023-08-17|2023-09-07_2023-09-16|2023-10-07_2023-10-16|2023-11-06_2023-11-15|2023-12-06_2023-12-15|2024-01-05_2024-01-14|2024-02-04_2024-02-13|2024-03-05_2024-03-14|2024-04-04_2024-04-13|2024-06-03_2024-06-12|2024-07-03_2024-07-12|2024-08-12_2024-08-21|2024-10-01_2024-10-10|2024-11-10_2024-11-19|2025-03-10_2025-03-19|2025-04-09_2025-04-18|2025-05-09_2025-05-18|2025-06-08_2025-06-17|2025-07-08_2025-07-17|2025-09-06_2025-09-15|2025-10-16_2025-10-25|2026-02-13_2026-02-22|2021-02-09_2021-02-18|2021-03-01_2021-03-10|2021-10-07_2021-10-16|2022-02-04_2022-02-13|2022-06-04_2022-06-13|2022-09-12_2022-09-21|2023-06-09_2023-06-18|2024-09-11_2024-09-20|2025-02-08_2025-02-17|2026-01-04_2026-01-13
0.3,1,CPI y/y,Bad,3,2,1,66.7,33.3,2.0,2020-08-03_2020-08-12|2021-07-09_2021-07-18|2022-07-04_2022-07-13
0.3,1,CPI y/y,Good,1,1,0,100.0,0.0,inf,2025-12-15_2025-12-24
0.0,2,CPI m/m|Core CPI m/m,Neutral|Bad,8,6,2,75.0,25.0,3.0,2018-01-06_2018-01-15|2018-06-05_2018-06-14|2019-08-09_2019-08-18|2019-09-08_2019-09-17|2023-03-11_2023-03-20|2023-09-07_2023-09-16|2024-03-05_2024-03-14|2024-09-11_2024-09-20
0.0,2,CPI m/m|Core CPI m/m,Good|Neutral,5,4,1,80.0,20.0,4.0,2018-04-06_2018-04-15|2019-02-10_2019-02-19|2020-02-05_2020-02-14|2026-02-13_2026-02-22|2023-06-09_2023-06-18
0.0,2,CPI m/m|Core CPI m/m,Good|Good,17,15,2,88.2,11.8,7.5,2018-05-06_2018-05-15|2018-10-03_2018-10-12|2019-05-01_2019-05-10|2019-10-08_2019-10-17|2020-06-04_2020-06-13|2021-09-07_2021-09-16|2022-08-03_2022-08-12|2022-12-11_2022-12-20|2023-07-09_2023-07-18|2023-11-06_2023-11-15|2024-06-03_2024-06-12|2024-07-03_2024-07-12|2025-03-10_2025-03-19|2025-04-09_2025-04-18|2025-05-09_2025-05-18|2025-06-08_2025-06-17|2025-10-16_2025-10-25
0.0,2,CPI m/m|Core CPI m/m,Neutral|Neutral,10,6,4,60.0,40.0,1.5,2018-08-04_2018-08-13|2018-11-12_2018-11-21|2018-12-12_2018-12-21|2019-01-11_2019-01-20|2020-10-12_2020-10-21|2021-01-10_2021-01-19|2022-03-06_2022-03-15|2023-08-08_2023-08-17|2024-08-12_2024-08-21|2024-11-10_2024-11-19
0.0,2,CPI m/m|Core CPI m/m,Neutral|Good,6,5,1,83.3,16.7,5.0,2019-03-12_2019-03-21|2019-06-10_2019-06-19|2025-07-08_2025-07-17|2021-02-09_2021-02-18|2021-03-01_2021-03-10|2026-01-04_2026-01-13
0.0,2,CPI m/m|Core CPI m/m,Bad|Neutral,8,6,2,75.0,25.0,3.0,2019-11-07_2019-11-16|2019-12-07_2019-12-16|2021-12-06_2021-12-15|2023-10-07_2023-10-16|2023-12-06_2023-12-15|2024-01-05_2024-01-14|2025-09-06_2025-09-15|2021-10-07_2021-10-16
0.0,2,CPI m/m|Core CPI m/m,Bad|Bad,16,10,6,62.5,37.5,1.67,2020-07-14_2020-07-23|2020-08-03_2020-08-12|2020-09-02_2020-09-11|2020-12-01_2020-12-10|2021-04-10_2021-04-19|2021-07-09_2021-07-18|2021-11-06_2021-11-15|2022-07-04_2022-07-13|2022-10-12_2022-10-21|2024-02-04_2024-02-13|2024-04-04_2024-04-13|2024-10-01_2024-10-10|2022-02-04_2022-02-13|2022-06-04_2022-06-13|2022-09-12_2022-09-21|2025-02-08_2025-02-17
0.1,2,CPI m/m|Core CPI m/m,Neutral|Neutral,43,32,11,74.4,25.6,2.91,2018-01-06_2018-01-15|2018-04-06_2018-04-15|2018-05-06_2018-05-15|2018-06-05_2018-06-14|2018-08-04_2018-08-13|2018-10-03_2018-10-12|2018-11-12_2018-11-21|2018-12-12_2018-12-21|2019-01-11_2019-01-20|2019-02-10_2019-02-19|2019-03-12_2019-03-21|2019-06-10_2019-06-19|2019-08-09_2019-08-18|2019-09-08_2019-09-17|2019-10-08_2019-10-17|2019-12-07_2019-12-16|2020-02-05_2020-02-14|2020-06-04_2020-06-13|2020-07-14_2020-07-23|2020-10-12_2020-10-21|2020-12-01_2020-12-10|2021-01-10_2021-01-19|2021-04-10_2021-04-19|2022-03-06_2022-03-15|2023-03-11_2023-03-20|2023-07-09_2023-07-18|2023-08-08_2023-08-17|2023-09-07_2023-09-16|2023-11-06_2023-11-15|2023-12-06_2023-12-15|2024-01-05_2024-01-14|2024-06-03_2024-06-12|2024-08-12_2024-08-21|2024-10-01_2024-10-10|2024-11-10_2024-11-19|2025-03-10_2025-03-19|2025-05-09_2025-05-18|2025-07-08_2025-07-17|2026-02-13_2026-02-22|2021-03-01_2021-03-10|2023-06-09_2023-06-18|2024-09-11_2024-09-20|2026-01-04_2026-01-13
0.1,2,CPI m/m|Core CPI m/m,Good|Neutral,4,3,1,75.0,25.0,3.0,2019-05-01_2019-05-10|2022-12-11_2022-12-20|2024-07-03_2024-07-12|2025-10-16_2025-10-25
0.1,2,CPI m/m|Core CPI m/m,Bad|Neutral,7,6,1,85.7,14.3,6.0,2019-11-07_2019-11-16|2021-12-06_2021-12-15|2023-10-07_2023-10-16|2025-09-06_2025-09-15|2021-10-07_2021-10-16|2022-02-04_2022-02-13|2022-06-04_2022-06-13
0.1,2,CPI m/m|Core CPI m/m,Bad|Bad,9,5,4,55.6,44.4,1.25,2020-08-03_2020-08-12|2020-09-02_2020-09-11|2021-07-09_2021-07-18|2021-11-06_2021-11-15|2022-07-04_2022-07-13|2022-10-12_2022-10-21|2024-04-04_2024-04-13|2022-09-12_2022-09-21|2025-02-08_2025-02-17
0.1,2,CPI m/m|Core CPI m/m,Good|Good,3,2,1,66.7,33.3,2.0,2021-09-07_2021-09-16|2022-08-03_2022-08-12|2025-04-09_2025-04-18
0.1,2,CPI m/m|Core CPI m/m,Neutral|Bad,2,2,0,100.0,0.0,inf,2024-02-04_2024-02-13|2024-03-05_2024-03-14
0.1,2,CPI m/m|Core CPI m/m,Neutral|Good,2,2,0,100.0,0.0,inf,2025-06-08_2025-06-17|2021-02-09_2021-02-18
0.2,2,CPI m/m|Core CPI m/m,Neutral|Neutral,65,49,16,75.4,24.6,3.06,2018-01-06_2018-01-15|2018-04-06_2018-04-15|2018-05-06_2018-05-15|2018-06-05_2018-06-14|2018-08-04_2018-08-13|2018-10-03_2018-10-12|2018-11-12_2018-11-21|2018-12-12_2018-12-21|2019-01-11_2019-01-20|2019-02-10_2019-02-19|2019-03-12_2019-03-21|2019-05-01_2019-05-10|2019-06-10_2019-06-19|2019-08-09_2019-08-18|2019-09-08_2019-09-17|2019-10-08_2019-10-17|2019-11-07_2019-11-16|2019-12-07_2019-12-16|2020-02-05_2020-02-14|2020-06-04_2020-06-13|2020-07-14_2020-07-23|2020-09-02_2020-09-11|2020-10-12_2020-10-21|2020-12-01_2020-12-10|2021-01-10_2021-01-19|2021-04-10_2021-04-19|2021-09-07_2021-09-16|2021-12-06_2021-12-15|2022-03-06_2022-03-15|2022-07-04_2022-07-13|2022-08-03_2022-08-12|2022-10-12_2022-10-21|2022-12-11_2022-12-20|2023-03-11_2023-03-20|2023-07-09_2023-07-18|2023-08-08_2023-08-17|2023-09-07_2023-09-16|2023-10-07_2023-10-16|2023-11-06_2023-11-15|2023-12-06_2023-12-15|2024-01-05_2024-01-14|2024-02-04_2024-02-13|2024-03-05_2024-03-14|2024-04-04_2024-04-13|2024-06-03_2024-06-12|2024-07-03_2024-07-12|2024-08-12_2024-08-21|2024-10-01_2024-10-10|2024-11-10_2024-11-19|2025-03-10_2025-03-19|2025-04-09_2025-04-18|2025-05-09_2025-05-18|2025-06-08_2025-06-17|2025-07-08_2025-07-17|2025-09-06_2025-09-15|2025-10-16_2025-10-25|2026-02-13_2026-02-22|2021-02-09_2021-02-18|2021-03-01_2021-03-10|2021-10-07_2021-10-16|2022-02-04_2022-02-13|2023-06-09_2023-06-18|2024-09-11_2024-09-20|2025-02-08_2025-02-17|2026-01-04_2026-01-13
0.2,2,CPI m/m|Core CPI m/m,Bad|Bad,2,1,1,50.0,50.0,1.0,2020-08-03_2020-08-12|2021-07-09_2021-07-18
0.2,2,CPI m/m|Core CPI m/m,Bad|Neutral,2,2,0,100.0,0.0,inf,2021-11-06_2021-11-15|2022-06-04_2022-06-13
0.2,2,CPI m/m|Core CPI m/m,Neutral|Bad,1,0,1,0.0,100.0,0.0,2022-09-12_2022-09-21
0.3,2,CPI m/m|Core CPI m/m,Neutral|Neutral,66,49,17,74.2,25.8,2.88,2018-01-06_2018-01-15|2018-04-06_2018-04-15|2018-05-06_2018-05-15|2018-06-05_2018-06-14|2018-08-04_2018-08-13|2018-10-03_2018-10-12|2018-11-12_2018-11-21|2018-12-12_2018-12-21|2019-01-11_2019-01-20|2019-02-10_2019-02-19|2019-03-12_2019-03-21|2019-05-01_2019-05-10|2019-06-10_2019-06-19|2019-08-09_2019-08-18|2019-09-08_2019-09-17|2019-10-08_2019-10-17|2019-11-07_2019-11-16|2019-12-07_2019-12-16|2020-02-05_2020-02-14|2020-06-04_2020-06-13|2020-07-14_2020-07-23|2020-09-02_2020-09-11|2020-10-12_2020-10-21|2020-12-01_2020-12-10|2021-01-10_2021-01-19|2021-04-10_2021-04-19|2021-09-07_2021-09-16|2021-12-06_2021-12-15|2022-03-06_2022-03-15|2022-07-04_2022-07-13|2022-08-03_2022-08-12|2022-10-12_2022-10-21|2022-12-11_2022-12-20|2023-03-11_2023-03-20|2023-07-09_2023-07-18|2023-08-08_2023-08-17|2023-09-07_2023-09-16|2023-10-07_2023-10-16|2023-11-06_2023-11-15|2023-12-06_2023-12-15|2024-01-05_2024-01-14|2024-02-04_2024-02-13|2024-03-05_2024-03-14|2024-04-04_2024-04-13|2024-06-03_2024-06-12|2024-07-03_2024-07-12|2024-08-12_2024-08-21|2024-10-01_2024-10-10|2024-11-10_2024-11-19|2025-03-10_2025-03-19|2025-04-09_2025-04-18|2025-05-09_2025-05-18|2025-06-08_2025-06-17|2025-07-08_2025-07-17|2025-09-06_2025-09-15|2025-10-16_2025-10-25|2026-02-13_2026-02-22|2021-02-09_2021-02-18|2021-03-01_2021-03-10|2021-10-07_2021-10-16|2022-02-04_2022-02-13|2022-09-12_2022-09-21|2023-06-09_2023-06-18|2024-09-11_2024-09-20|2025-02-08_2025-02-17|2026-01-04_2026-01-13
0.3,2,CPI m/m|Core CPI m/m,Neutral|Bad,1,0,1,0.0,100.0,0.0,2020-08-03_2020-08-12
0.3,2,CPI m/m|Core CPI m/m,Bad|Bad,1,1,0,100.0,0.0,inf,2021-07-09_2021-07-18
0.3,2,CPI m/m|Core CPI m/m,Bad|Neutral,2,2,0,100.0,0.0,inf,2021-11-06_2021-11-15|2022-06-04_2022-06-13
0.0,2,CPI m/m|PPI m/m,Neutral|Good,9,6,3,66.7,33.3,2.0,2018-01-06_2018-01-15|2018-08-04_2018-08-13|2019-01-11_2019-01-20|2019-03-12_2019-03-21|2021-01-10_2021-01-19|2022-03-06_2022-03-15|2023-03-11_2023-03-20|2024-08-12_2024-08-21|2025-07-08_2025-07-17
0.0,2,CPI m/m|PPI m/m,Good|Bad,4,4,0,100.0,0.0,inf,2018-04-06_2018-04-15|2020-06-04_2020-06-13|2021-09-07_2021-09-16|2024-07-03_2024-07-12
0.0,2,CPI m/m|PPI m/m,Good|Good,11,10,1,90.9,9.1,10.0,2018-05-06_2018-05-15|2019-02-10_2019-02-19|2019-10-08_2019-10-17|2022-08-03_2022-08-12|2023-07-09_2023-07-18|2023-11-06_2023-11-15|2025-03-10_2025-03-19|2025-04-09_2025-04-18|2025-05-09_2025-05-18|2025-06-08_2025-06-17|2023-06-09_2023-06-18
0.0,2,CPI m/m|PPI m/m,Neutral|Bad,8,6,2,75.0,25.0,3.0,2018-06-05_2018-06-14|2019-09-08_2019-09-17|2020-10-12_2020-10-21|2023-08-08_2023-08-17|2023-09-07_2023-09-16|2024-03-05_2024-03-14|2021-02-09_2021-02-18|2024-09-11_2024-09-20
0.0,2,CPI m/m|PPI m/m,Good|Neutral,2,2,0,100.0,0.0,inf,2018-10-03_2018-10-12|2019-05-01_2019-05-10
0.0,2,CPI m/m|PPI m/m,Neutral|Neutral,3,2,1,66.7,33.3,2.0,2019-06-10_2019-06-19|2019-08-09_2019-08-18|2024-11-10_2024-11-19
0.0,2,CPI m/m|PPI m/m,Bad|Bad,8,4,4,50.0,50.0,1.0,2019-11-07_2019-11-16|2020-08-03_2020-08-12|2020-09-02_2020-09-11|2021-07-09_2021-07-18|2021-12-06_2021-12-15|2022-10-12_2022-10-21|2023-10-07_2023-10-16|2025-02-08_2025-02-17
0.0,2,CPI m/m|PPI m/m,Bad|Good,5,5,0,100.0,0.0,inf,2019-12-07_2019-12-16|2024-01-05_2024-01-14|2024-04-04_2024-04-13|2025-09-06_2025-09-15|2021-10-07_2021-10-16
0.0,2,CPI m/m|PPI m/m,Bad|Neutral,3,1,2,33.3,66.7,0.5,2021-11-06_2021-11-15|2023-12-06_2023-12-15|2022-09-12_2022-09-21
0.1,2,CPI m/m|PPI m/m,Neutral|Good,14,12,2,85.7,14.3,6.0,2018-01-06_2018-01-15|2018-08-04_2018-08-13|2019-02-10_2019-02-19|2019-10-08_2019-10-17|2019-12-07_2019-12-16|2021-01-10_2021-01-19|2022-03-06_2022-03-15|2023-03-11_2023-03-20|2023-11-06_2023-11-15|2024-01-05_2024-01-14|2025-03-10_2025-03-19|2025-05-09_2025-05-18|2025-07-08_2025-07-17|2023-06-09_2023-06-18
0.1,2,CPI m/m|PPI m/m,Neutral|Bad,7,6,1,85.7,14.3,6.0,2018-04-06_2018-04-15|2018-06-05_2018-06-14|2020-06-04_2020-06-13|2020-10-12_2020-10-21|2023-09-07_2023-09-16|2024-03-05_2024-03-14|2021-02-09_2021-02-18
0.1,2,CPI m/m|PPI m/m,Neutral|Neutral,14,10,4,71.4,28.6,2.5,2018-05-06_2018-05-15|2018-10-03_2018-10-12|2019-01-11_2019-01-20|2019-03-12_2019-03-21|2019-06-10_2019-06-19|2019-08-09_2019-08-18|2019-09-08_2019-09-17|2023-07-09_2023-07-18|2023-08-08_2023-08-17|2023-12-06_2023-12-15|2024-08-12_2024-08-21|2024-11-10_2024-11-19|2025-06-08_2025-06-17|2024-09-11_2024-09-20
0.1,2,CPI m/m|PPI m/m,Good|Neutral,3,3,0,100.0,0.0,inf,2019-05-01_2019-05-10|2021-09-07_2021-09-16|2024-07-03_2024-07-12
0.1,2,CPI m/m|PPI m/m,Bad|Bad,7,4,3,57.1,42.9,1.33,2019-11-07_2019-11-16|2020-08-03_2020-08-12|2021-07-09_2021-07-18|2021-12-06_2021-12-15|2022-10-12_2022-10-21|2023-10-07_2023-10-16|2025-02-08_2025-02-17
0.1,2,CPI m/m|PPI m/m,Bad|Neutral,5,3,2,60.0,40.0,1.5,2020-09-02_2020-09-11|2021-11-06_2021-11-15|2024-04-04_2024-04-13|2021-10-07_2021-10-16|2022-09-12_2022-09-21
0.1,2,CPI m/m|PPI m/m,Good|Good,2,1,1,50.0,50.0,1.0,2022-08-03_2022-08-12|2025-04-09_2025-04-18
0.1,2,CPI m/m|PPI m/m,Bad|Good,1,1,0,100.0,0.0,inf,2025-09-06_2025-09-15
0.2,2,CPI m/m|PPI m/m,Neutral|Good,9,7,2,77.8,22.2,3.5,2018-01-06_2018-01-15|2019-10-08_2019-10-17|2022-08-03_2022-08-12|2023-03-11_2023-03-20|2023-11-06_2023-11-15|2025-03-10_2025-03-19|2025-04-09_2025-04-18|2025-05-09_2025-05-18|2025-09-06_2025-09-15
0.2,2,CPI m/m|PPI m/m,Neutral|Neutral,36,28,8,77.8,22.2,3.5,2018-04-06_2018-04-15|2018-05-06_2018-05-15|2018-06-05_2018-06-14|2018-08-04_2018-08-13|2018-10-03_2018-10-12|2019-01-11_2019-01-20|2019-02-10_2019-02-19|2019-03-12_2019-03-21|2019-05-01_2019-05-10|2019-06-10_2019-06-19|2019-08-09_2019-08-18|2019-09-08_2019-09-17|2019-11-07_2019-11-16|2019-12-07_2019-12-16|2020-09-02_2020-09-11|2020-10-12_2020-10-21|2021-01-10_2021-01-19|2021-09-07_2021-09-16|2022-03-06_2022-03-15|2022-10-12_2022-10-21|2023-07-09_2023-07-18|2023-08-08_2023-08-17|2023-10-07_2023-10-16|2023-12-06_2023-12-15|2024-01-05_2024-01-14|2024-04-04_2024-04-13|2024-07-03_2024-07-12|2024-08-12_2024-08-21|2024-11-10_2024-11-19|2025-06-08_2025-06-17|2025-07-08_2025-07-17|2021-10-07_2021-10-16|2022-09-12_2022-09-21|2023-06-09_2023-06-18|2024-09-11_2024-09-20|2025-02-08_2025-02-17
0.2,2,CPI m/m|PPI m/m,Neutral|Bad,5,3,2,60.0,40.0,1.5,2020-06-04_2020-06-13|2021-12-06_2021-12-15|2023-09-07_2023-09-16|2024-03-05_2024-03-14|2021-02-09_2021-02-18
0.2,2,CPI m/m|PPI m/m,Bad|Bad,2,1,1,50.0,50.0,1.0,2020-08-03_2020-08-12|2021-07-09_2021-07-18
0.2,2,CPI m/m|PPI m/m,Bad|Neutral,1,1,0,100.0,0.0,inf,2021-11-06_2021-11-15
0.3,2,CPI m/m|PPI m/m,Neutral|Good,8,6,2,75.0,25.0,3.0,2018-01-06_2018-01-15|2019-10-08_2019-10-17|2022-08-03_2022-08-12|2023-03-11_2023-03-20|2023-11-06_2023-11-15|2025-04-09_2025-04-18|2025-05-09_2025-05-18|2025-09-06_2025-09-15
0.3,2,CPI m/m|PPI m/m,Neutral|Neutral,40,30,10,75.0,25.0,3.0,2018-04-06_2018-04-15|2018-05-06_2018-05-15|2018-06-05_2018-06-14|2018-08-04_2018-08-13|2018-10-03_2018-10-12|2019-01-11_2019-01-20|2019-02-10_2019-02-19|2019-03-12_2019-03-21|2019-05-01_2019-05-10|2019-06-10_2019-06-19|2019-08-09_2019-08-18|2019-09-08_2019-09-17|2019-11-07_2019-11-16|2019-12-07_2019-12-16|2020-08-03_2020-08-12|2020-09-02_2020-09-11|2020-10-12_2020-10-21|2021-01-10_2021-01-19|2021-09-07_2021-09-16|2022-03-06_2022-03-15|2022-10-12_2022-10-21|2023-07-09_2023-07-18|2023-08-08_2023-08-17|2023-09-07_2023-09-16|2023-10-07_2023-10-16|2023-12-06_2023-12-15|2024-01-05_2024-01-14|2024-03-05_2024-03-14|2024-04-04_2024-04-13|2024-07-03_2024-07-12|2024-08-12_2024-08-21|2024-11-10_2024-11-19|2025-03-10_2025-03-19|2025-06-08_2025-06-17|2025-07-08_2025-07-17|2021-10-07_2021-10-16|2022-09-12_2022-09-21|2023-06-09_2023-06-18|2024-09-11_2024-09-20|2025-02-08_2025-02-17
0.3,2,CPI m/m|PPI m/m,Neutral|Bad,3,2,1,66.7,33.3,2.0,2020-06-04_2020-06-13|2021-12-06_2021-12-15|2021-02-09_2021-02-18
0.3,2,CPI m/m|PPI m/m,Bad|Bad,1,1,0,100.0,0.0,inf,2021-07-09_2021-07-18
0.3,2,CPI m/m|PPI m/m,Bad|Neutral,1,1,0,100.0,0.0,inf,2021-11-06_2021-11-15
0.0,2,CPI m/m|Core PPI m/m,Neutral|Good,9,6,3,66.7,33.3,2.0,2018-01-06_2018-01-15|2018-08-04_2018-08-13|2019-01-11_2019-01-20|2019-03-12_2019-03-21|2019-08-09_2019-08-18|2022-03-06_2022-03-15|2023-03-11_2023-03-20|2024-08-12_2024-08-21|2025-07-08_2025-07-17
0.0,2,CPI m/m|Core PPI m/m,Good|Bad,4,4,0,100.0,0.0,inf,2018-04-06_2018-04-15|2019-02-10_2019-02-19|2021-09-07_2021-09-16|2024-07-03_2024-07-12
0.0,2,CPI m/m|Core PPI m/m,Good|Neutral,4,4,0,100.0,0.0,inf,2018-05-06_2018-05-15|2018-10-03_2018-10-12|2020-06-04_2020-06-13|2023-06-09_2023-06-18
0.0,2,CPI m/m|Core PPI m/m,Neutral|Bad,7,6,1,85.7,14.3,6.0,2018-06-05_2018-06-14|2019-09-08_2019-09-17|2020-10-12_2020-10-21|2023-08-08_2023-08-17|2024-03-05_2024-03-14|2021-02-09_2021-02-18|2024-09-11_2024-09-20
0.0,2,CPI m/m|Core PPI m/m,Good|Good,9,8,1,88.9,11.1,8.0,2019-05-01_2019-05-10|2019-10-08_2019-10-17|2022-08-03_2022-08-12|2023-07-09_2023-07-18|2023-11-06_2023-11-15|2025-03-10_2025-03-19|2025-04-09_2025-04-18|2025-05-09_2025-05-18|2025-06-08_2025-06-17
0.0,2,CPI m/m|Core PPI m/m,Neutral|Neutral,4,2,2,50.0,50.0,1.0,2019-06-10_2019-06-19|2021-01-10_2021-01-19|2023-09-07_2023-09-16|2024-11-10_2024-11-19
0.0,2,CPI m/m|Core PPI m/m,Bad|Bad,7,3,4,42.9,57.1,0.75,2019-11-07_2019-11-16|2020-08-03_2020-08-12|2020-09-02_2020-09-11|2021-07-09_2021-07-18|2021-12-06_2021-12-15|2023-10-07_2023-10-16|2022-09-12_2022-09-21
0.0,2,CPI m/m|Core PPI m/m,Bad|Good,6,5,1,83.3,16.7,5.0,2019-12-07_2019-12-16|2021-11-06_2021-11-15|2023-12-06_2023-12-15|2024-01-05_2024-01-14|2025-09-06_2025-09-15|2021-10-07_2021-10-16
0.0,2,CPI m/m|Core PPI m/m,Bad|Neutral,3,2,1,66.7,33.3,2.0,2022-10-12_2022-10-21|2024-04-04_2024-04-13|2025-02-08_2025-02-17
0.1,2,CPI m/m|Core PPI m/m,Neutral|Good,15,11,4,73.3,26.7,2.75,2018-01-06_2018-01-15|2019-01-11_2019-01-20|2019-08-09_2019-08-18|2019-10-08_2019-10-17|2019-12-07_2019-12-16|2022-03-06_2022-03-15|2023-03-11_2023-03-20|2023-11-06_2023-11-15|2023-12-06_2023-12-15|2024-01-05_2024-01-14|2024-08-12_2024-08-21|2025-03-10_2025-03-19|2025-05-09_2025-05-18|2025-06-08_2025-06-17|2025-07-08_2025-07-17
0.1,2,CPI m/m|Core PPI m/m,Neutral|Neutral,18,15,3,83.3,16.7,5.0,2018-04-06_2018-04-15|2018-05-06_2018-05-15|2018-06-05_2018-06-14|2018-08-04_2018-08-13|2018-10-03_2018-10-12|2019-02-10_2019-02-19|2019-03-12_2019-03-21|2019-06-10_2019-06-19|2019-09-08_2019-09-17|2020-06-04_2020-06-13|2021-01-10_2021-01-19|2023-07-09_2023-07-18|2023-08-08_2023-08-17|2023-09-07_2023-09-16|2024-03-05_2024-03-14|2024-11-10_2024-11-19|2023-06-09_2023-06-18|2024-09-11_2024-09-20
0.1,2,CPI m/m|Core PPI m/m,Good|Neutral,2,2,0,100.0,0.0,inf,2019-05-01_2019-05-10|2021-09-07_2021-09-16
0.1,2,CPI m/m|Core PPI m/m,Bad|Neutral,6,5,1,83.3,16.7,5.0,2019-11-07_2019-11-16|2021-11-06_2021-11-15|2022-10-12_2022-10-21|2023-10-07_2023-10-16|2024-04-04_2024-04-13|2025-02-08_2025-02-17
0.1,2,CPI m/m|Core PPI m/m,Bad|Bad,5,1,4,20.0,80.0,0.25,2020-08-03_2020-08-12|2020-09-02_2020-09-11|2021-07-09_2021-07-18|2021-12-06_2021-12-15|2022-09-12_2022-09-21
0.1,2,CPI m/m|Core PPI m/m,Neutral|Bad,2,2,0,100.0,0.0,inf,2020-10-12_2020-10-21|2021-02-09_2021-02-18
0.1,2,CPI m/m|Core PPI m/m,Good|Good,2,1,1,50.0,50.0,1.0,2022-08-03_2022-08-12|2025-04-09_2025-04-18
0.1,2,CPI m/m|Core PPI m/m,Good|Bad,1,1,0,100.0,0.0,inf,2024-07-03_2024-07-12
0.1,2,CPI m/m|Core PPI m/m,Bad|Good,2,2,0,100.0,0.0,inf,2025-09-06_2025-09-15|2021-10-07_2021-10-16
0.2,2,CPI m/m|Core PPI m/m,Neutral|Good,13,9,4,69.2,30.8,2.25,2018-01-06_2018-01-15|2019-01-11_2019-01-20|2019-08-09_2019-08-18|2019-10-08_2019-10-17|2019-12-07_2019-12-16|2022-03-06_2022-03-15|2023-03-11_2023-03-20|2023-11-06_2023-11-15|2025-03-10_2025-03-19|2025-04-09_2025-04-18|2025-05-09_2025-05-18|2025-09-06_2025-09-15|2021-10-07_2021-10-16
0.2,2,CPI m/m|Core PPI m/m,Neutral|Neutral,35,28,7,80.0,20.0,4.0,2018-04-06_2018-04-15|2018-05-06_2018-05-15|2018-06-05_2018-06-14|2018-08-04_2018-08-13|2018-10-03_2018-10-12|2019-02-10_2019-02-19|2019-03-12_2019-03-21|2019-05-01_2019-05-10|2019-06-10_2019-06-19|2019-09-08_2019-09-17|2019-11-07_2019-11-16|2020-06-04_2020-06-13|2020-09-02_2020-09-11|2020-10-12_2020-10-21|2021-01-10_2021-01-19|2021-09-07_2021-09-16|2022-08-03_2022-08-12|2022-10-12_2022-10-21|2023-07-09_2023-07-18|2023-08-08_2023-08-17|2023-09-07_2023-09-16|2023-10-07_2023-10-16|2023-12-06_2023-12-15|2024-01-05_2024-01-14|2024-03-05_2024-03-14|2024-04-04_2024-04-13|2024-07-03_2024-07-12|2024-08-12_2024-08-21|2024-11-10_2024-11-19|2025-06-08_2025-06-17|2025-07-08_2025-07-17|2022-09-12_2022-09-21|2023-06-09_2023-06-18|2024-09-11_2024-09-20|2025-02-08_2025-02-17
0.2,2,CPI m/m|Core PPI m/m,Bad|Bad,2,1,1,50.0,50.0,1.0,2020-08-03_2020-08-12|2021-07-09_2021-07-18
0.2,2,CPI m/m|Core PPI m/m,Bad|Neutral,1,1,0,100.0,0.0,inf,2021-11-06_2021-11-15
0.2,2,CPI m/m|Core PPI m/m,Neutral|Bad,2,1,1,50.0,50.0,1.0,2021-12-06_2021-12-15|2021-02-09_2021-02-18
0.3,2,CPI m/m|Core PPI m/m,Neutral|Good,11,7,4,63.6,36.4,1.75,2018-01-06_2018-01-15|2019-01-11_2019-01-20|2019-08-09_2019-08-18|2019-10-08_2019-10-17|2019-12-07_2019-12-16|2022-03-06_2022-03-15|2023-03-11_2023-03-20|2025-03-10_2025-03-19|2025-04-09_2025-04-18|2025-05-09_2025-05-18|2025-09-06_2025-09-15
0.3,2,CPI m/m|Core PPI m/m,Neutral|Neutral,38,30,8,78.9,21.1,3.75,2018-04-06_2018-04-15|2018-05-06_2018-05-15|2018-06-05_2018-06-14|2018-08-04_2018-08-13|2018-10-03_2018-10-12|2019-02-10_2019-02-19|2019-03-12_2019-03-21|2019-05-01_2019-05-10|2019-06-10_2019-06-19|2019-09-08_2019-09-17|2019-11-07_2019-11-16|2020-06-04_2020-06-13|2020-09-02_2020-09-11|2020-10-12_2020-10-21|2021-01-10_2021-01-19|2021-09-07_2021-09-16|2021-12-06_2021-12-15|2022-08-03_2022-08-12|2022-10-12_2022-10-21|2023-07-09_2023-07-18|2023-08-08_2023-08-17|2023-09-07_2023-09-16|2023-10-07_2023-10-16|2023-11-06_2023-11-15|2023-12-06_2023-12-15|2024-01-05_2024-01-14|2024-03-05_2024-03-14|2024-04-04_2024-04-13|2024-07-03_2024-07-12|2024-08-12_2024-08-21|2024-11-10_2024-11-19|2025-06-08_2025-06-17|2025-07-08_2025-07-17|2021-10-07_2021-10-16|2022-09-12_2022-09-21|2023-06-09_2023-06-18|2024-09-11_2024-09-20|2025-02-08_2025-02-17
0.3,2,CPI m/m|Core PPI m/m,Neutral|Bad,2,1,1,50.0,50.0,1.0,2020-08-03_2020-08-12|2021-02-09_2021-02-18
0.3,2,CPI m/m|Core PPI m/m,Bad|Bad,1,1,0,100.0,0.0,inf,2021-07-09_2021-07-18
0.3,2,CPI m/m|Core PPI m/m,Bad|Neutral,1,1,0,100.0,0.0,inf,2021-11-06_2021-11-15
0.0,2,CPI m/m|FOMC,Bad|Neutral,1,0,1,0.0,100.0,0.0,2023-12-06_2023-12-15
0.0,2,CPI m/m|FOMC,Good|Neutral,2,2,0,100.0,0.0,inf,2024-06-03_2024-06-12|2023-06-09_2023-06-18
0.0,2,CPI m/m|FOMC,Neutral|Good,1,1,0,100.0,0.0,inf,2024-09-11_2024-09-20
0.1,2,CPI m/m|FOMC,Neutral|Neutral,3,2,1,66.7,33.3,2.0,2023-12-06_2023-12-15|2024-06-03_2024-06-12|2023-06-09_2023-06-18
0.1,2,CPI m/m|FOMC,Neutral|Good,1,1,0,100.0,0.0,inf,2024-09-11_2024-09-20
0.2,2,CPI m/m|FOMC,Neutral|Neutral,3,2,1,66.7,33.3,2.0,2023-12-06_2023-12-15|2024-06-03_2024-06-12|2023-06-09_2023-06-18
0.2,2,CPI m/m|FOMC,Neutral|Good,1,1,0,100.0,0.0,inf,2024-09-11_2024-09-20
0.3,2,CPI m/m|FOMC,Neutral|Neutral,4,3,1,75.0,25.0,3.0,2023-12-06_2023-12-15|2024-06-03_2024-06-12|2023-06-09_2023-06-18|2024-09-11_2024-09-20
0.0,2,CPI m/m|CPI y/y,Neutral|Neutral,15,11,4,73.3,26.7,2.75,2018-01-06_2018-01-15|2018-06-05_2018-06-14|2018-08-04_2018-08-13|2018-11-12_2018-11-21|2018-12-12_2018-12-21|2019-01-11_2019-01-20|2020-10-12_2020-10-21|2021-01-10_2021-01-19|2022-03-06_2022-03-15|2023-03-11_2023-03-20|2024-11-10_2024-11-19|2021-02-09_2021-02-18|2021-03-01_2021-03-10|2024-09-11_2024-09-20|2026-01-04_2026-01-13
0.0,2,CPI m/m|CPI y/y,Good|Neutral,3,3,0,100.0,0.0,inf,2018-04-06_2018-04-15|2018-05-06_2018-05-15|2021-09-07_2021-09-16
0.0,2,CPI m/m|CPI y/y,Good|Good,17,15,2,88.2,11.8,7.5,2018-10-03_2018-10-12|2019-05-01_2019-05-10|2019-10-08_2019-10-17|2020-06-04_2020-06-13|2022-08-03_2022-08-12|2022-12-11_2022-12-20|2023-07-09_2023-07-18|2023-11-06_2023-11-15|2024-06-03_2024-06-12|2024-07-03_2024-07-12|2025-03-10_2025-03-19|2025-04-09_2025-04-18|2025-05-09_2025-05-18|2025-06-08_2025-06-17|2025-10-16_2025-10-25|2026-02-13_2026-02-22|2023-06-09_2023-06-18
0.0,2,CPI m/m|CPI y/y,Good|Bad,2,1,1,50.0,50.0,1.0,2019-02-10_2019-02-19|2020-02-05_2020-02-14
0.0,2,CPI m/m|CPI y/y,Neutral|Good,5,3,2,60.0,40.0,1.5,2019-03-12_2019-03-21|2019-06-10_2019-06-19|2019-09-08_2019-09-17|2023-08-08_2023-08-17|2024-08-12_2024-08-21
0.0,2,CPI m/m|CPI y/y,Neutral|Bad,4,3,1,75.0,25.0,3.0,2019-08-09_2019-08-18|2023-09-07_2023-09-16|2024-03-05_2024-03-14|2025-07-08_2025-07-17
0.0,2,CPI m/m|CPI y/y,Bad|Bad,19,13,6,68.4,31.6,2.17,2019-11-07_2019-11-16|2019-12-07_2019-12-16|2020-08-03_2020-08-12|2020-09-02_2020-09-11|2021-04-10_2021-04-19|2021-07-09_2021-07-18|2021-11-06_2021-11-15|2022-07-04_2022-07-13|2022-10-12_2022-10-21|2023-10-07_2023-10-16|2024-01-05_2024-01-14|2024-02-04_2024-02-13|2024-04-04_2024-04-13|2024-10-01_2024-10-10|2021-10-07_2021-10-16|2022-02-04_2022-02-13|2022-06-04_2022-06-13|2022-09-12_2022-09-21|2025-02-08_2025-02-17
0.0,2,CPI m/m|CPI y/y,Bad|Neutral,5,3,2,60.0,40.0,1.5,2020-07-14_2020-07-23|2020-12-01_2020-12-10|2021-12-06_2021-12-15|2023-12-06_2023-12-15|2025-09-06_2025-09-15
0.1,2,CPI m/m|CPI y/y,Neutral|Neutral,24,17,7,70.8,29.2,2.43,2018-01-06_2018-01-15|2018-04-06_2018-04-15|2018-05-06_2018-05-15|2018-06-05_2018-06-14|2018-08-04_2018-08-13|2018-11-12_2018-11-21|2018-12-12_2018-12-21|2019-01-11_2019-01-20|2019-06-10_2019-06-19|2020-07-14_2020-07-23|2020-10-12_2020-10-21|2020-12-01_2020-12-10|2021-01-10_2021-01-19|2022-03-06_2022-03-15|2023-03-11_2023-03-20|2023-08-08_2023-08-17|2023-11-06_2023-11-15|2023-12-06_2023-12-15|2024-11-10_2024-11-19|2021-02-09_2021-02-18|2021-03-01_2021-03-10|2023-06-09_2023-06-18|2024-09-11_2024-09-20|2026-01-04_2026-01-13
0.1,2,CPI m/m|CPI y/y,Neutral|Good,12,12,0,100.0,0.0,inf,2018-10-03_2018-10-12|2019-03-12_2019-03-21|2019-09-08_2019-09-17|2019-10-08_2019-10-17|2020-06-04_2020-06-13|2023-07-09_2023-07-18|2024-06-03_2024-06-12|2024-08-12_2024-08-21|2025-03-10_2025-03-19|2025-05-09_2025-05-18|2025-06-08_2025-06-17|2026-02-13_2026-02-22
0.1,2,CPI m/m|CPI y/y,Neutral|Bad,11,7,4,63.6,36.4,1.75,2019-02-10_2019-02-19|2019-08-09_2019-08-18|2019-12-07_2019-12-16|2020-02-05_2020-02-14|2021-04-10_2021-04-19|2023-09-07_2023-09-16|2024-01-05_2024-01-14|2024-02-04_2024-02-13|2024-03-05_2024-03-14|2024-10-01_2024-10-10|2025-07-08_2025-07-17
0.1,2,CPI m/m|CPI y/y,Good|Good,6,4,2,66.7,33.3,2.0,2019-05-01_2019-05-10|2022-08-03_2022-08-12|2022-12-11_2022-12-20|2024-07-03_2024-07-12|2025-04-09_2025-04-18|2025-10-16_2025-10-25
0.1,2,CPI m/m|CPI y/y,Bad|Bad,13,9,4,69.2,30.8,2.25,2019-11-07_2019-11-16|2020-08-03_2020-08-12|2020-09-02_2020-09-11|2021-07-09_2021-07-18|2021-11-06_2021-11-15|2022-07-04_2022-07-13|2023-10-07_2023-10-16|2024-04-04_2024-04-13|2021-10-07_2021-10-16|2022-02-04_2022-02-13|2022-06-04_2022-06-13|2022-09-12_2022-09-21|2025-02-08_2025-02-17
0.1,2,CPI m/m|CPI y/y,Good|Neutral,1,1,0,100.0,0.0,inf,2021-09-07_2021-09-16
0.1,2,CPI m/m|CPI y/y,Bad|Neutral,3,2,1,66.7,33.3,2.0,2021-12-06_2021-12-15|2022-10-12_2022-10-21|2025-09-06_2025-09-15
0.2,2,CPI m/m|CPI y/y,Neutral|Neutral,61,46,15,75.4,24.6,3.07,2018-01-06_2018-01-15|2018-04-06_2018-04-15|2018-05-06_2018-05-15|2018-06-05_2018-06-14|2018-08-04_2018-08-13|2018-10-03_2018-10-12|2018-11-12_2018-11-21|2018-12-12_2018-12-21|2019-01-11_2019-01-20|2019-02-10_2019-02-19|2019-03-12_2019-03-21|2019-05-01_2019-05-10|2019-06-10_2019-06-19|2019-08-09_2019-08-18|2019-09-08_2019-09-17|2019-10-08_2019-10-17|2019-11-07_2019-11-16|2019-12-07_2019-12-16|2020-02-05_2020-02-14|2020-06-04_2020-06-13|2020-07-14_2020-07-23|2020-09-02_2020-09-11|2020-10-12_2020-10-21|2020-12-01_2020-12-10|2021-01-10_2021-01-19|2021-04-10_2021-04-19|2021-09-07_2021-09-16|2021-12-06_2021-12-15|2022-03-06_2022-03-15|2022-08-03_2022-08-12|2022-10-12_2022-10-21|2023-03-11_2023-03-20|2023-07-09_2023-07-18|2023-08-08_2023-08-17|2023-09-07_2023-09-16|2023-10-07_2023-10-16|2023-11-06_2023-11-15|2023-12-06_2023-12-15|2024-01-05_2024-01-14|2024-03-05_2024-03-14|2024-04-04_2024-04-13|2024-06-03_2024-06-12|2024-07-03_2024-07-12|2024-08-12_2024-08-21|2024-10-01_2024-10-10|2024-11-10_2024-11-19|2025-03-10_2025-03-19|2025-04-09_2025-04-18|2025-05-09_2025-05-18|2025-06-08_2025-06-17|2025-07-08_2025-07-17|2025-09-06_2025-09-15|2025-10-16_2025-10-25|2026-02-13_2026-02-22|2021-02-09_2021-02-18|2021-03-01_2021-03-10|2021-10-07_2021-10-16|2023-06-09_2023-06-18|2024-09-11_2024-09-20|2025-02-08_2025-02-17|2026-01-04_2026-01-13
0.2,2,CPI m/m|CPI y/y,Bad|Bad,4,3,1,75.0,25.0,3.0,2020-08-03_2020-08-12|2021-07-09_2021-07-18|2021-11-06_2021-11-15|2022-06-04_2022-06-13
0.2,2,CPI m/m|CPI y/y,Neutral|Bad,4,3,1,75.0,25.0,3.0,2022-07-04_2022-07-13|2024-02-04_2024-02-13|2022-02-04_2022-02-13|2022-09-12_2022-09-21
0.2,2,CPI m/m|CPI y/y,Neutral|Good,1,0,1,0.0,100.0,0.0,2022-12-11_2022-12-20
0.3,2,CPI m/m|CPI y/y,Neutral|Neutral,65,48,17,73.8,26.2,2.82,2018-01-06_2018-01-15|2018-04-06_2018-04-15|2018-05-06_2018-05-15|2018-06-05_2018-06-14|2018-08-04_2018-08-13|2018-10-03_2018-10-12|2018-11-12_2018-11-21|2018-12-12_2018-12-21|2019-01-11_2019-01-20|2019-02-10_2019-02-19|2019-03-12_2019-03-21|2019-05-01_2019-05-10|2019-06-10_2019-06-19|2019-08-09_2019-08-18|2019-09-08_2019-09-17|2019-10-08_2019-10-17|2019-11-07_2019-11-16|2019-12-07_2019-12-16|2020-02-05_2020-02-14|2020-06-04_2020-06-13|2020-07-14_2020-07-23|2020-09-02_2020-09-11|2020-10-12_2020-10-21|2020-12-01_2020-12-10|2021-01-10_2021-01-19|2021-04-10_2021-04-19|2021-09-07_2021-09-16|2021-12-06_2021-12-15|2022-03-06_2022-03-15|2022-08-03_2022-08-12|2022-10-12_2022-10-21|2022-12-11_2022-12-20|2023-03-11_2023-03-20|2023-07-09_2023-07-18|2023-08-08_2023-08-17|2023-09-07_2023-09-16|2023-10-07_2023-10-16|2023-11-06_2023-11-15|2023-12-06_2023-12-15|2024-01-05_2024-01-14|2024-02-04_2024-02-13|2024-03-05_2024-03-14|2024-04-04_2024-04-13|2024-06-03_2024-06-12|2024-07-03_2024-07-12|2024-08-12_2024-08-21|2024-10-01_2024-10-10|2024-11-10_2024-11-19|2025-03-10_2025-03-19|2025-04-09_2025-04-18|2025-05-09_2025-05-18|2025-06-08_2025-06-17|2025-07-08_2025-07-17|2025-09-06_2025-09-15|2025-10-16_2025-10-25|2026-02-13_2026-02-22|2021-02-09_2021-02-18|2021-03-01_2021-03-10|2021-10-07_2021-10-16|2022-02-04_2022-02-13|2022-09-12_2022-09-21|2023-06-09_2023-06-18|2024-09-11_2024-09-20|2025-02-08_2025-02-17|2026-01-04_2026-01-13
0.3,2,CPI m/m|CPI y/y,Neutral|Bad,2,1,1,50.0,50.0,1.0,2020-08-03_2020-08-12|2022-07-04_2022-07-13
0.3,2,CPI m/m|CPI y/y,Bad|Bad,1,1,0,100.0,0.0,inf,2021-07-09_2021-07-18
0.3,2,CPI m/m|CPI y/y,Bad|Neutral,2,2,0,100.0,0.0,inf,2021-11-06_2021-11-15|2022-06-04_2022-06-13
0.0,2,Core CPI m/m|PPI m/m,Bad|Good,3,2,1,66.7,33.3,2.0,2018-01-06_2018-01-15|2023-03-11_2023-03-20|2024-04-04_2024-04-13
0.0,2,Core CPI m/m|PPI m/m,Neutral|Bad,6,4,2,66.7,33.3,2.0,2018-04-06_2018-04-15|2019-11-07_2019-11-16|2020-10-12_2020-10-21|2021-12-06_2021-12-15|2023-08-08_2023-08-17|2023-10-07_2023-10-16
0.0,2,Core CPI m/m|PPI m/m,Good|Good,11,10,1,90.9,9.1,10.0,2018-05-06_2018-05-15|2019-03-12_2019-03-21|2019-10-08_2019-10-17|2022-08-03_2022-08-12|2023-07-09_2023-07-18|2023-11-06_2023-11-15|2025-03-10_2025-03-19|2025-04-09_2025-04-18|2025-05-09_2025-05-18|2025-06-08_2025-06-17|2025-07-08_2025-07-17
0.0,2,Core CPI m/m|PPI m/m,Bad|Bad,10,6,4,60.0,40.0,1.5,2018-06-05_2018-06-14|2019-09-08_2019-09-17|2020-08-03_2020-08-12|2020-09-02_2020-09-11|2021-07-09_2021-07-18|2022-10-12_2022-10-21|2023-09-07_2023-09-16|2024-03-05_2024-03-14|2024-09-11_2024-09-20|2025-02-08_2025-02-17
0.0,2,Core CPI m/m|PPI m/m,Neutral|Good,11,9,2,81.8,18.2,4.5,2018-08-04_2018-08-13|2019-01-11_2019-01-20|2019-02-10_2019-02-19|2019-12-07_2019-12-16|2021-01-10_2021-01-19|2022-03-06_2022-03-15|2024-01-05_2024-01-14|2024-08-12_2024-08-21|2025-09-06_2025-09-15|2021-10-07_2021-10-16|2023-06-09_2023-06-18
0.0,2,Core CPI m/m|PPI m/m,Good|Neutral,3,2,1,66.7,33.3,2.0,2018-10-03_2018-10-12|2019-05-01_2019-05-10|2019-06-10_2019-06-19
0.0,2,Core CPI m/m|PPI m/m,Bad|Neutral,3,2,1,66.7,33.3,2.0,2019-08-09_2019-08-18|2021-11-06_2021-11-15|2022-09-12_2022-09-21
0.0,2,Core CPI m/m|PPI m/m,Good|Bad,4,4,0,100.0,0.0,inf,2020-06-04_2020-06-13|2021-09-07_2021-09-16|2024-07-03_2024-07-12|2021-02-09_2021-02-18
0.0,2,Core CPI m/m|PPI m/m,Neutral|Neutral,2,1,1,50.0,50.0,1.0,2023-12-06_2023-12-15|2024-11-10_2024-11-19
0.1,2,Core CPI m/m|PPI m/m,Neutral|Good,15,13,2,86.7,13.3,6.5,2018-01-06_2018-01-15|2018-08-04_2018-08-13|2019-02-10_2019-02-19|2019-10-08_2019-10-17|2019-12-07_2019-12-16|2021-01-10_2021-01-19|2022-03-06_2022-03-15|2023-03-11_2023-03-20|2023-11-06_2023-11-15|2024-01-05_2024-01-14|2025-03-10_2025-03-19|2025-05-09_2025-05-18|2025-07-08_2025-07-17|2025-09-06_2025-09-15|2023-06-09_2023-06-18
0.1,2,Core CPI m/m|PPI m/m,Neutral|Bad,8,6,2,75.0,25.0,3.0,2018-04-06_2018-04-15|2018-06-05_2018-06-14|2019-11-07_2019-11-16|2020-06-04_2020-06-13|2020-10-12_2020-10-21|2021-12-06_2021-12-15|2023-09-07_2023-09-16|2023-10-07_2023-10-16
0.1,2,Core CPI m/m|PPI m/m,Neutral|Neutral,16,12,4,75.0,25.0,3.0,2018-05-06_2018-05-15|2018-10-03_2018-10-12|2019-01-11_2019-01-20|2019-03-12_2019-03-21|2019-05-01_2019-05-10|2019-06-10_2019-06-19|2019-08-09_2019-08-18|2019-09-08_2019-09-17|2023-07-09_2023-07-18|2023-08-08_2023-08-17|2023-12-06_2023-12-15|2024-07-03_2024-07-12|2024-08-12_2024-08-21|2024-11-10_2024-11-19|2021-10-07_2021-10-16|2024-09-11_2024-09-20
0.1,2,Core CPI m/m|PPI m/m,Bad|Bad,5,3,2,60.0,40.0,1.5,2020-08-03_2020-08-12|2021-07-09_2021-07-18|2022-10-12_2022-10-21|2024-03-05_2024-03-14|2025-02-08_2025-02-17
0.1,2,Core CPI m/m|PPI m/m,Bad|Neutral,4,2,2,50.0,50.0,1.0,2020-09-02_2020-09-11|2021-11-06_2021-11-15|2024-04-04_2024-04-13|2022-09-12_2022-09-21
0.1,2,Core CPI m/m|PPI m/m,Good|Neutral,2,2,0,100.0,0.0,inf,2021-09-07_2021-09-16|2025-06-08_2025-06-17
0.1,2,Core CPI m/m|PPI m/m,Good|Good,2,1,1,50.0,50.0,1.0,2022-08-03_2022-08-12|2025-04-09_2025-04-18
0.1,2,Core CPI m/m|PPI m/m,Good|Bad,1,1,0,100.0,0.0,inf,2021-02-09_2021-02-18
0.2,2,Core CPI m/m|PPI m/m,Neutral|Good,9,7,2,77.8,22.2,3.5,2018-01-06_2018-01-15|2019-10-08_2019-10-17|2022-08-03_2022-08-12|2023-03-11_2023-03-20|2023-11-06_2023-11-15|2025-03-10_2025-03-19|2025-04-09_2025-04-18|2025-05-09_2025-05-18|2025-09-06_2025-09-15
0.2,2,Core CPI m/m|PPI m/m,Neutral|Neutral,36,29,7,80.6,19.4,4.14,2018-04-06_2018-04-15|2018-05-06_2018-05-15|2018-06-05_2018-06-14|2018-08-04_2018-08-13|2018-10-03_2018-10-12|2019-01-11_2019-01-20|2019-02-10_2019-02-19|2019-03-12_2019-03-21|2019-05-01_2019-05-10|2019-06-10_2019-06-19|2019-08-09_2019-08-18|2019-09-08_2019-09-17|2019-11-07_2019-11-16|2019-12-07_2019-12-16|2020-09-02_2020-09-11|2020-10-12_2020-10-21|2021-01-10_2021-01-19|2021-09-07_2021-09-16|2021-11-06_2021-11-15|2022-03-06_2022-03-15|2022-10-12_2022-10-21|2023-07-09_2023-07-18|2023-08-08_2023-08-17|2023-10-07_2023-10-16|2023-12-06_2023-12-15|2024-01-05_2024-01-14|2024-04-04_2024-04-13|2024-07-03_2024-07-12|2024-08-12_2024-08-21|2024-11-10_2024-11-19|2025-06-08_2025-06-17|2025-07-08_2025-07-17|2021-10-07_2021-10-16|2023-06-09_2023-06-18|2024-09-11_2024-09-20|2025-02-08_2025-02-17
0.2,2,Core CPI m/m|PPI m/m,Neutral|Bad,5,3,2,60.0,40.0,1.5,2020-06-04_2020-06-13|2021-12-06_2021-12-15|2023-09-07_2023-09-16|2024-03-05_2024-03-14|2021-02-09_2021-02-18
0.2,2,Core CPI m/m|PPI m/m,Bad|Bad,2,1,1,50.0,50.0,1.0,2020-08-03_2020-08-12|2021-07-09_2021-07-18
0.2,2,Core CPI m/m|PPI m/m,Bad|Neutral,1,0,1,0.0,100.0,0.0,2022-09-12_2022-09-21
0.3,2,Core CPI m/m|PPI m/m,Neutral|Good,8,6,2,75.0,25.0,3.0,2018-01-06_2018-01-15|2019-10-08_2019-10-17|2022-08-03_2022-08-12|2023-03-11_2023-03-20|2023-11-06_2023-11-15|2025-04-09_2025-04-18|2025-05-09_2025-05-18|2025-09-06_2025-09-15
0.3,2,Core CPI m/m|PPI m/m,Neutral|Neutral,40,31,9,77.5,22.5,3.44,2018-04-06_2018-04-15|2018-05-06_2018-05-15|2018-06-05_2018-06-14|2018-08-04_2018-08-13|2018-10-03_2018-10-12|2019-01-11_2019-01-20|2019-02-10_2019-02-19|2019-03-12_2019-03-21|2019-05-01_2019-05-10|2019-06-10_2019-06-19|2019-08-09_2019-08-18|2019-09-08_2019-09-17|2019-11-07_2019-11-16|2019-12-07_2019-12-16|2020-09-02_2020-09-11|2020-10-12_2020-10-21|2021-01-10_2021-01-19|2021-09-07_2021-09-16|2021-11-06_2021-11-15|2022-03-06_2022-03-15|2022-10-12_2022-10-21|2023-07-09_2023-07-18|2023-08-08_2023-08-17|2023-09-07_2023-09-16|2023-10-07_2023-10-16|2023-12-06_2023-12-15|2024-01-05_2024-01-14|2024-03-05_2024-03-14|2024-04-04_2024-04-13|2024-07-03_2024-07-12|2024-08-12_2024-08-21|2024-11-10_2024-11-19|2025-03-10_2025-03-19|2025-06-08_2025-06-17|2025-07-08_2025-07-17|2021-10-07_2021-10-16|2022-09-12_2022-09-21|2023-06-09_2023-06-18|2024-09-11_2024-09-20|2025-02-08_2025-02-17
0.3,2,Core CPI m/m|PPI m/m,Neutral|Bad,3,2,1,66.7,33.3,2.0,2020-06-04_2020-06-13|2021-12-06_2021-12-15|2021-02-09_2021-02-18
0.3,2,Core CPI m/m|PPI m/m,Bad|Neutral,1,0,1,0.0,100.0,0.0,2020-08-03_2020-08-12
0.3,2,Core CPI m/m|PPI m/m,Bad|Bad,1,1,0,100.0,0.0,inf,2021-07-09_2021-07-18
0.0,2,Core CPI m/m|Core PPI m/m,Bad|Good,4,3,1,75.0,25.0,3.0,2018-01-06_2018-01-15|2019-08-09_2019-08-18|2021-11-06_2021-11-15|2023-03-11_2023-03-20
0.0,2,Core CPI m/m|Core PPI m/m,Neutral|Bad,7,5,2,71.4,28.6,2.5,2018-04-06_2018-04-15|2019-02-10_2019-02-19|2019-11-07_2019-11-16|2020-10-12_2020-10-21|2021-12-06_2021-12-15|2023-08-08_2023-08-17|2023-10-07_2023-10-16
0.0,2,Core CPI m/m|Core PPI m/m,Good|Neutral,4,3,1,75.0,25.0,3.0,2018-05-06_2018-05-15|2018-10-03_2018-10-12|2019-06-10_2019-06-19|2020-06-04_2020-06-13
0.0,2,Core CPI m/m|Core PPI m/m,Bad|Bad,8,5,3,62.5,37.5,1.67,2018-06-05_2018-06-14|2019-09-08_2019-09-17|2020-08-03_2020-08-12|2020-09-02_2020-09-11|2021-07-09_2021-07-18|2024-03-05_2024-03-14|2022-09-12_2022-09-21|2024-09-11_2024-09-20
0.0,2,Core CPI m/m|Core PPI m/m,Neutral|Good,9,6,3,66.7,33.3,2.0,2018-08-04_2018-08-13|2019-01-11_2019-01-20|2019-12-07_2019-12-16|2022-03-06_2022-03-15|2023-12-06_2023-12-15|2024-01-05_2024-01-14|2024-08-12_2024-08-21|2025-09-06_2025-09-15|2021-10-07_2021-10-16
0.0,2,Core CPI m/m|Core PPI m/m,Good|Good,11,10,1,90.9,9.1,10.0,2019-03-12_2019-03-21|2019-05-01_2019-05-10|2019-10-08_2019-10-17|2022-08-03_2022-08-12|2023-07-09_2023-07-18|2023-11-06_2023-11-15|2025-03-10_2025-03-19|2025-04-09_2025-04-18|2025-05-09_2025-05-18|2025-06-08_2025-06-17|2025-07-08_2025-07-17
0.0,2,Core CPI m/m|Core PPI m/m,Neutral|Neutral,3,3,0,100.0,0.0,inf,2021-01-10_2021-01-19|2024-11-10_2024-11-19|2023-06-09_2023-06-18
0.0,2,Core CPI m/m|Core PPI m/m,Good|Bad,3,3,0,100.0,0.0,inf,2021-09-07_2021-09-16|2024-07-03_2024-07-12|2021-02-09_2021-02-18
0.0,2,Core CPI m/m|Core PPI m/m,Bad|Neutral,4,2,2,50.0,50.0,1.0,2022-10-12_2022-10-21|2023-09-07_2023-09-16|2024-04-04_2024-04-13|2025-02-08_2025-02-17
0.1,2,Core CPI m/m|Core PPI m/m,Neutral|Good,16,12,4,75.0,25.0,3.0,2018-01-06_2018-01-15|2019-01-11_2019-01-20|2019-08-09_2019-08-18|2019-10-08_2019-10-17|2019-12-07_2019-12-16|2022-03-06_2022-03-15|2023-03-11_2023-03-20|2023-11-06_2023-11-15|2023-12-06_2023-12-15|2024-01-05_2024-01-14|2024-08-12_2024-08-21|2025-03-10_2025-03-19|2025-05-09_2025-05-18|2025-07-08_2025-07-17|2025-09-06_2025-09-15|2021-10-07_2021-10-16
0.1,2,Core CPI m/m|Core PPI m/m,Neutral|Neutral,20,17,3,85.0,15.0,5.67,2018-04-06_2018-04-15|2018-05-06_2018-05-15|2018-06-05_2018-06-14|2018-08-04_2018-08-13|2018-10-03_2018-10-12|2019-02-10_2019-02-19|2019-03-12_2019-03-21|2019-05-01_2019-05-10|2019-06-10_2019-06-19|2019-09-08_2019-09-17|2019-11-07_2019-11-16|2020-06-04_2020-06-13|2021-01-10_2021-01-19|2023-07-09_2023-07-18|2023-08-08_2023-08-17|2023-09-07_2023-09-16|2023-10-07_2023-10-16|2024-11-10_2024-11-19|2023-06-09_2023-06-18|2024-09-11_2024-09-20
0.1,2,Core CPI m/m|Core PPI m/m,Bad|Bad,4,1,3,25.0,75.0,0.33,2020-08-03_2020-08-12|2020-09-02_2020-09-11|2021-07-09_2021-07-18|2022-09-12_2022-09-21
0.1,2,Core CPI m/m|Core PPI m/m,Neutral|Bad,3,2,1,66.7,33.3,2.0,2020-10-12_2020-10-21|2021-12-06_2021-12-15|2024-07-03_2024-07-12
0.1,2,Core CPI m/m|Core PPI m/m,Good|Neutral,1,1,0,100.0,0.0,inf,2021-09-07_2021-09-16
0.1,2,Core CPI m/m|Core PPI m/m,Bad|Neutral,5,4,1,80.0,20.0,4.0,2021-11-06_2021-11-15|2022-10-12_2022-10-21|2024-03-05_2024-03-14|2024-04-04_2024-04-13|2025-02-08_2025-02-17
0.1,2,Core CPI m/m|Core PPI m/m,Good|Good,3,2,1,66.7,33.3,2.0,2022-08-03_2022-08-12|2025-04-09_2025-04-18|2025-06-08_2025-06-17
0.1,2,Core CPI m/m|Core PPI m/m,Good|Bad,1,1,0,100.0,0.0,inf,2021-02-09_2021-02-18
0.2,2,Core CPI m/m|Core PPI m/m,Neutral|Good,13,9,4,69.2,30.8,2.25,2018-01-06_2018-01-15|2019-01-11_2019-01-20|2019-08-09_2019-08-18|2019-10-08_2019-10-17|2019-12-07_2019-12-16|2022-03-06_2022-03-15|2023-03-11_2023-03-20|2023-11-06_2023-11-15|2025-03-10_2025-03-19|2025-04-09_2025-04-18|2025-05-09_2025-05-18|2025-09-06_2025-09-15|2021-10-07_2021-10-16
0.2,2,Core CPI m/m|Core PPI m/m,Neutral|Neutral,35,29,6,82.9,17.1,4.83,2018-04-06_2018-04-15|2018-05-06_2018-05-15|2018-06-05_2018-06-14|2018-08-04_2018-08-13|2018-10-03_2018-10-12|2019-02-10_2019-02-19|2019-03-12_2019-03-21|2019-05-01_2019-05-10|2019-06-10_2019-06-19|2019-09-08_2019-09-17|2019-11-07_2019-11-16|2020-06-04_2020-06-13|2020-09-02_2020-09-11|2020-10-12_2020-10-21|2021-01-10_2021-01-19|2021-09-07_2021-09-16|2021-11-06_2021-11-15|2022-08-03_2022-08-12|2022-10-12_2022-10-21|2023-07-09_2023-07-18|2023-08-08_2023-08-17|2023-09-07_2023-09-16|2023-10-07_2023-10-16|2023-12-06_2023-12-15|2024-01-05_2024-01-14|2024-03-05_2024-03-14|2024-04-04_2024-04-13|2024-07-03_2024-07-12|2024-08-12_2024-08-21|2024-11-10_2024-11-19|2025-06-08_2025-06-17|2025-07-08_2025-07-17|2023-06-09_2023-06-18|2024-09-11_2024-09-20|2025-02-08_2025-02-17
0.2,2,Core CPI m/m|Core PPI m/m,Bad|Bad,2,1,1,50.0,50.0,1.0,2020-08-03_2020-08-12|2021-07-09_2021-07-18
0.2,2,Core CPI m/m|Core PPI m/m,Neutral|Bad,2,1,1,50.0,50.0,1.0,2021-12-06_2021-12-15|2021-02-09_2021-02-18
0.2,2,Core CPI m/m|Core PPI m/m,Bad|Neutral,1,0,1,0.0,100.0,0.0,2022-09-12_2022-09-21
0.3,2,Core CPI m/m|Core PPI m/m,Neutral|Good,11,7,4,63.6,36.4,1.75,2018-01-06_2018-01-15|2019-01-11_2019-01-20|2019-08-09_2019-08-18|2019-10-08_2019-10-17|2019-12-07_2019-12-16|2022-03-06_2022-03-15|2023-03-11_2023-03-20|2025-03-10_2025-03-19|2025-04-09_2025-04-18|2025-05-09_2025-05-18|2025-09-06_2025-09-15
0.3,2,Core CPI m/m|Core PPI m/m,Neutral|Neutral,39,31,8,79.5,20.5,3.88,2018-04-06_2018-04-15|2018-05-06_2018-05-15|2018-06-05_2018-06-14|2018-08-04_2018-08-13|2018-10-03_2018-10-12|2019-02-10_2019-02-19|2019-03-12_2019-03-21|2019-05-01_2019-05-10|2019-06-10_2019-06-19|2019-09-08_2019-09-17|2019-11-07_2019-11-16|2020-06-04_2020-06-13|2020-09-02_2020-09-11|2020-10-12_2020-10-21|2021-01-10_2021-01-19|2021-09-07_2021-09-16|2021-11-06_2021-11-15|2021-12-06_2021-12-15|2022-08-03_2022-08-12|2022-10-12_2022-10-21|2023-07-09_2023-07-18|2023-08-08_2023-08-17|2023-09-07_2023-09-16|2023-10-07_2023-10-16|2023-11-06_2023-11-15|2023-12-06_2023-12-15|2024-01-05_2024-01-14|2024-03-05_2024-03-14|2024-04-04_2024-04-13|2024-07-03_2024-07-12|2024-08-12_2024-08-21|2024-11-10_2024-11-19|2025-06-08_2025-06-17|2025-07-08_2025-07-17|2021-10-07_2021-10-16|2022-09-12_2022-09-21|2023-06-09_2023-06-18|2024-09-11_2024-09-20|2025-02-08_2025-02-17
0.3,2,Core CPI m/m|Core PPI m/m,Bad|Bad,2,1,1,50.0,50.0,1.0,2020-08-03_2020-08-12|2021-07-09_2021-07-18
0.3,2,Core CPI m/m|Core PPI m/m,Neutral|Bad,1,1,0,100.0,0.0,inf,2021-02-09_2021-02-18
0.0,2,Core CPI m/m|FOMC,Neutral|Neutral,2,1,1,50.0,50.0,1.0,2023-12-06_2023-12-15|2023-06-09_2023-06-18
0.0,2,Core CPI m/m|FOMC,Good|Neutral,1,1,0,100.0,0.0,inf,2024-06-03_2024-06-12
0.0,2,Core CPI m/m|FOMC,Bad|Good,1,1,0,100.0,0.0,inf,2024-09-11_2024-09-20
0.1,2,Core CPI m/m|FOMC,Neutral|Neutral,3,2,1,66.7,33.3,2.0,2023-12-06_2023-12-15|2024-06-03_2024-06-12|2023-06-09_2023-06-18
0.1,2,Core CPI m/m|FOMC,Neutral|Good,1,1,0,100.0,0.0,inf,2024-09-11_2024-09-20
0.2,2,Core CPI m/m|FOMC,Neutral|Neutral,3,2,1,66.7,33.3,2.0,2023-12-06_2023-12-15|2024-06-03_2024-06-12|2023-06-09_2023-06-18
0.2,2,Core CPI m/m|FOMC,Neutral|Good,1,1,0,100.0,0.0,inf,2024-09-11_2024-09-20
0.3,2,Core CPI m/m|FOMC,Neutral|Neutral,4,3,1,75.0,25.0,3.0,2023-12-06_2023-12-15|2024-06-03_2024-06-12|2023-06-09_2023-06-18|2024-09-11_2024-09-20
0.0,2,Core CPI m/m|CPI y/y,Bad|Neutral,6,5,1,83.3,16.7,5.0,2018-01-06_2018-01-15|2018-06-05_2018-06-14|2020-07-14_2020-07-23|2020-12-01_2020-12-10|2023-03-11_2023-03-20|2024-09-11_2024-09-20
0.0,2,Core CPI m/m|CPI y/y,Neutral|Neutral,12,7,5,58.3,41.7,1.4,2018-04-06_2018-04-15|2018-08-04_2018-08-13|2018-11-12_2018-11-21|2018-12-12_2018-12-21|2019-01-11_2019-01-20|2020-10-12_2020-10-21|2021-01-10_2021-01-19|2021-12-06_2021-12-15|2022-03-06_2022-03-15|2023-12-06_2023-12-15|2024-11-10_2024-11-19|2025-09-06_2025-09-15
0.0,2,Core CPI m/m|CPI y/y,Good|Neutral,5,5,0,100.0,0.0,inf,2018-05-06_2018-05-15|2021-09-07_2021-09-16|2021-02-09_2021-02-18|2021-03-01_2021-03-10|2026-01-04_2026-01-13
0.0,2,Core CPI m/m|CPI y/y,Good|Good,17,14,3,82.4,17.6,4.67,2018-10-03_2018-10-12|2019-03-12_2019-03-21|2019-05-01_2019-05-10|2019-06-10_2019-06-19|2019-10-08_2019-10-17|2020-06-04_2020-06-13|2022-08-03_2022-08-12|2022-12-11_2022-12-20|2023-07-09_2023-07-18|2023-11-06_2023-11-15|2024-06-03_2024-06-12|2024-07-03_2024-07-12|2025-03-10_2025-03-19|2025-04-09_2025-04-18|2025-05-09_2025-05-18|2025-06-08_2025-06-17|2025-10-16_2025-10-25
0.0,2,Core CPI m/m|CPI y/y,Neutral|Bad,7,6,1,85.7,14.3,6.0,2019-02-10_2019-02-19|2019-11-07_2019-11-16|2019-12-07_2019-12-16|2020-02-05_2020-02-14|2023-10-07_2023-10-16|2024-01-05_2024-01-14|2021-10-07_2021-10-16
0.0,2,Core CPI m/m|CPI y/y,Bad|Bad,17,10,7,58.8,41.2,1.43,2019-08-09_2019-08-18|2020-08-03_2020-08-12|2020-09-02_2020-09-11|2021-04-10_2021-04-19|2021-07-09_2021-07-18|2021-11-06_2021-11-15|2022-07-04_2022-07-13|2022-10-12_2022-10-21|2023-09-07_2023-09-16|2024-02-04_2024-02-13|2024-03-05_2024-03-14|2024-04-04_2024-04-13|2024-10-01_2024-10-10|2022-02-04_2022-02-13|2022-06-04_2022-06-13|2022-09-12_2022-09-21|2025-02-08_2025-02-17
0.0,2,Core CPI m/m|CPI y/y,Bad|Good,1,1,0,100.0,0.0,inf,2019-09-08_2019-09-17
0.0,2,Core CPI m/m|CPI y/y,Neutral|Good,4,3,1,75.0,25.0,3.0,2023-08-08_2023-08-17|2024-08-12_2024-08-21|2026-02-13_2026-02-22|2023-06-09_2023-06-18
0.0,2,Core CPI m/m|CPI y/y,Good|Bad,1,1,0,100.0,0.0,inf,2025-07-08_2025-07-17
0.1,2,Core CPI m/m|CPI y/y,Neutral|Neutral,25,17,8,68.0,32.0,2.12,2018-01-06_2018-01-15|2018-04-06_2018-04-15|2018-05-06_2018-05-15|2018-06-05_2018-06-14|2018-08-04_2018-08-13|2018-11-12_2018-11-21|2018-12-12_2018-12-21|2019-01-11_2019-01-20|2019-06-10_2019-06-19|2020-07-14_2020-07-23|2020-10-12_2020-10-21|2020-12-01_2020-12-10|2021-01-10_2021-01-19|2021-12-06_2021-12-15|2022-03-06_2022-03-15|2023-03-11_2023-03-20|2023-08-08_2023-08-17|2023-11-06_2023-11-15|2023-12-06_2023-12-15|2024-11-10_2024-11-19|2025-09-06_2025-09-15|2021-03-01_2021-03-10|2023-06-09_2023-06-18|2024-09-11_2024-09-20|2026-01-04_2026-01-13
0.1,2,Core CPI m/m|CPI y/y,Neutral|Good,15,14,1,93.3,6.7,14.0,2018-10-03_2018-10-12|2019-03-12_2019-03-21|2019-05-01_2019-05-10|2019-09-08_2019-09-17|2019-10-08_2019-10-17|2020-06-04_2020-06-13|2022-12-11_2022-12-20|2023-07-09_2023-07-18|2024-06-03_2024-06-12|2024-07-03_2024-07-12|2024-08-12_2024-08-21|2025-03-10_2025-03-19|2025-05-09_2025-05-18|2025-10-16_2025-10-25|2026-02-13_2026-02-22
0.1,2,Core CPI m/m|CPI y/y,Neutral|Bad,14,10,4,71.4,28.6,2.5,2019-02-10_2019-02-19|2019-08-09_2019-08-18|2019-11-07_2019-11-16|2019-12-07_2019-12-16|2020-02-05_2020-02-14|2021-04-10_2021-04-19|2023-09-07_2023-09-16|2023-10-07_2023-10-16|2024-01-05_2024-01-14|2024-10-01_2024-10-10|2025-07-08_2025-07-17|2021-10-07_2021-10-16|2022-02-04_2022-02-13|2022-06-04_2022-06-13
0.1,2,Core CPI m/m|CPI y/y,Bad|Bad,10,6,4,60.0,40.0,1.5,2020-08-03_2020-08-12|2020-09-02_2020-09-11|2021-07-09_2021-07-18|2021-11-06_2021-11-15|2022-07-04_2022-07-13|2024-02-04_2024-02-13|2024-03-05_2024-03-14|2024-04-04_2024-04-13|2022-09-12_2022-09-21|2025-02-08_2025-02-17
0.1,2,Core CPI m/m|CPI y/y,Good|Neutral,2,2,0,100.0,0.0,inf,2021-09-07_2021-09-16|2021-02-09_2021-02-18
0.1,2,Core CPI m/m|CPI y/y,Good|Good,3,2,1,66.7,33.3,2.0,2022-08-03_2022-08-12|2025-04-09_2025-04-18|2025-06-08_2025-06-17
0.1,2,Core CPI m/m|CPI y/y,Bad|Neutral,1,1,0,100.0,0.0,inf,2022-10-12_2022-10-21
0.2,2,Core CPI m/m|CPI y/y,Neutral|Neutral,61,46,15,75.4,24.6,3.07,2018-01-06_2018-01-15|2018-04-06_2018-04-15|2018-05-06_2018-05-15|2018-06-05_2018-06-14|2018-08-04_2018-08-13|2018-10-03_2018-10-12|2018-11-12_2018-11-21|2018-12-12_2018-12-21|2019-01-11_2019-01-20|2019-02-10_2019-02-19|2019-03-12_2019-03-21|2019-05-01_2019-05-10|2019-06-10_2019-06-19|2019-08-09_2019-08-18|2019-09-08_2019-09-17|2019-10-08_2019-10-17|2019-11-07_2019-11-16|2019-12-07_2019-12-16|2020-02-05_2020-02-14|2020-06-04_2020-06-13|2020-07-14_2020-07-23|2020-09-02_2020-09-11|2020-10-12_2020-10-21|2020-12-01_2020-12-10|2021-01-10_2021-01-19|2021-04-10_2021-04-19|2021-09-07_2021-09-16|2021-12-06_2021-12-15|2022-03-06_2022-03-15|2022-08-03_2022-08-12|2022-10-12_2022-10-21|2023-03-11_2023-03-20|2023-07-09_2023-07-18|2023-08-08_2023-08-17|2023-09-07_2023-09-16|2023-10-07_2023-10-16|2023-11-06_2023-11-15|2023-12-06_2023-12-15|2024-01-05_2024-01-14|2024-03-05_2024-03-14|2024-04-04_2024-04-13|2024-06-03_2024-06-12|2024-07-03_2024-07-12|2024-08-12_2024-08-21|2024-10-01_2024-10-10|2024-11-10_2024-11-19|2025-03-10_2025-03-19|2025-04-09_2025-04-18|2025-05-09_2025-05-18|2025-06-08_2025-06-17|2025-07-08_2025-07-17|2025-09-06_2025-09-15|2025-10-16_2025-10-25|2026-02-13_2026-02-22|2021-02-09_2021-02-18|2021-03-01_2021-03-10|2021-10-07_2021-10-16|2023-06-09_2023-06-18|2024-09-11_2024-09-20|2025-02-08_2025-02-17|2026-01-04_2026-01-13
0.2,2,Core CPI m/m|CPI y/y,Bad|Bad,3,1,2,33.3,66.7,0.5,2020-08-03_2020-08-12|2021-07-09_2021-07-18|2022-09-12_2022-09-21
0.2,2,Core CPI m/m|CPI y/y,Neutral|Bad,5,5,0,100.0,0.0,inf,2021-11-06_2021-11-15|2022-07-04_2022-07-13|2024-02-04_2024-02-13|2022-02-04_2022-02-13|2022-06-04_2022-06-13
0.2,2,Core CPI m/m|CPI y/y,Neutral|Good,1,0,1,0.0,100.0,0.0,2022-12-11_2022-12-20
0.3,2,Core CPI m/m|CPI y/y,Neutral|Neutral,67,50,17,74.6,25.4,2.94,2018-01-06_2018-01-15|2018-04-06_2018-04-15|2018-05-06_2018-05-15|2018-06-05_2018-06-14|2018-08-04_2018-08-13|2018-10-03_2018-10-12|2018-11-12_2018-11-21|2018-12-12_2018-12-21|2019-01-11_2019-01-20|2019-02-10_2019-02-19|2019-03-12_2019-03-21|2019-05-01_2019-05-10|2019-06-10_2019-06-19|2019-08-09_2019-08-18|2019-09-08_2019-09-17|2019-10-08_2019-10-17|2019-11-07_2019-11-16|2019-12-07_2019-12-16|2020-02-05_2020-02-14|2020-06-04_2020-06-13|2020-07-14_2020-07-23|2020-09-02_2020-09-11|2020-10-12_2020-10-21|2020-12-01_2020-12-10|2021-01-10_2021-01-19|2021-04-10_2021-04-19|2021-09-07_2021-09-16|2021-11-06_2021-11-15|2021-12-06_2021-12-15|2022-03-06_2022-03-15|2022-08-03_2022-08-12|2022-10-12_2022-10-21|2022-12-11_2022-12-20|2023-03-11_2023-03-20|2023-07-09_2023-07-18|2023-08-08_2023-08-17|2023-09-07_2023-09-16|2023-10-07_2023-10-16|2023-11-06_2023-11-15|2023-12-06_2023-12-15|2024-01-05_2024-01-14|2024-02-04_2024-02-13|2024-03-05_2024-03-14|2024-04-04_2024-04-13|2024-06-03_2024-06-12|2024-07-03_2024-07-12|2024-08-12_2024-08-21|2024-10-01_2024-10-10|2024-11-10_2024-11-19|2025-03-10_2025-03-19|2025-04-09_2025-04-18|2025-05-09_2025-05-18|2025-06-08_2025-06-17|2025-07-08_2025-07-17|2025-09-06_2025-09-15|2025-10-16_2025-10-25|2026-02-13_2026-02-22|2021-02-09_2021-02-18|2021-03-01_2021-03-10|2021-10-07_2021-10-16|2022-02-04_2022-02-13|2022-06-04_2022-06-13|2022-09-12_2022-09-21|2023-06-09_2023-06-18|2024-09-11_2024-09-20|2025-02-08_2025-02-17|2026-01-04_2026-01-13
0.3,2,Core CPI m/m|CPI y/y,Bad|Bad,2,1,1,50.0,50.0,1.0,2020-08-03_2020-08-12|2021-07-09_2021-07-18
0.3,2,Core CPI m/m|CPI y/y,Neutral|Bad,1,1,0,100.0,0.0,inf,2022-07-04_2022-07-13
0.0,2,PPI m/m|Core PPI m/m,Good|Good,24,19,5,79.2,20.8,3.8,2018-01-06_2018-01-15|2018-08-04_2018-08-13|2018-09-03_2018-09-12|2019-01-11_2019-01-20|2019-03-12_2019-03-21|2019-10-08_2019-10-17|2019-12-07_2019-12-16|2020-07-04_2020-07-13|2022-03-06_2022-03-15|2022-08-03_2022-08-12|2022-11-11_2022-11-20|2023-03-11_2023-03-20|2023-07-09_2023-07-18|2023-11-06_2023-11-15|2024-01-05_2024-01-14|2024-06-13_2024-06-22|2024-08-12_2024-08-21|2025-03-10_2025-03-19|2025-04-09_2025-04-18|2025-05-09_2025-05-18|2025-06-08_2025-06-17|2025-07-08_2025-07-17|2025-09-06_2025-09-15|2021-10-07_2021-10-16
0.0,2,PPI m/m|Core PPI m/m,Bad|Bad,24,18,6,75.0,25.0,3.0,2018-04-06_2018-04-15|2018-06-05_2018-06-14|2018-11-02_2018-11-11|2019-04-11_2019-04-20|2019-09-08_2019-09-17|2019-11-07_2019-11-16|2020-02-15_2020-02-24|2020-08-03_2020-08-12|2020-09-02_2020-09-11|2020-10-12_2020-10-21|2021-03-31_2021-04-09|2021-07-09_2021-07-18|2021-09-07_2021-09-16|2021-12-06_2021-12-15|2022-02-14_2022-02-23|2023-08-08_2023-08-17|2023-10-07_2023-10-16|2024-03-05_2024-03-14|2024-07-03_2024-07-12|2026-01-24_2026-02-02|2026-02-23_2026-03-04|2021-02-09_2021-02-18|2022-12-01_2022-12-10|2024-09-11_2024-09-20
0.0,2,PPI m/m|Core PPI m/m,Good|Neutral,5,4,1,80.0,20.0,4.0,2018-05-06_2018-05-15|2021-01-10_2021-01-19|2024-04-04_2024-04-13|2024-10-11_2024-10-20|2023-06-09_2023-06-18
0.0,2,PPI m/m|Core PPI m/m,Neutral|Neutral,3,2,1,66.7,33.3,2.0,2018-10-03_2018-10-12|2019-06-10_2019-06-19|2024-11-10_2024-11-19
0.0,2,PPI m/m|Core PPI m/m,Good|Bad,1,1,0,100.0,0.0,inf,2019-02-10_2019-02-19
0.0,2,PPI m/m|Core PPI m/m,Neutral|Good,7,5,2,71.4,28.6,2.5,2019-05-01_2019-05-10|2019-08-09_2019-08-18|2020-12-11_2020-12-20|2021-11-06_2021-11-15|2022-06-14_2022-06-23|2023-12-06_2023-12-15|2025-11-25_2025-12-04
0.0,2,PPI m/m|Core PPI m/m,Bad|Neutral,5,3,2,60.0,40.0,1.5,2020-06-04_2020-06-13|2021-03-11_2021-03-20|2022-10-12_2022-10-21|2023-09-07_2023-09-16|2025-02-08_2025-02-17
0.0,2,PPI m/m|Core PPI m/m,Neutral|Bad,1,0,1,0.0,100.0,0.0,2022-09-12_2022-09-21
0.1,2,PPI m/m|Core PPI m/m,Good|Good,17,13,4,76.5,23.5,3.25,2018-01-06_2018-01-15|2018-09-03_2018-09-12|2019-10-08_2019-10-17|2019-12-07_2019-12-16|2020-07-04_2020-07-13|2022-03-06_2022-03-15|2022-08-03_2022-08-12|2022-11-11_2022-11-20|2023-03-11_2023-03-20|2023-11-06_2023-11-15|2024-01-05_2024-01-14|2024-06-13_2024-06-22|2025-03-10_2025-03-19|2025-04-09_2025-04-18|2025-05-09_2025-05-18|2025-07-08_2025-07-17|2025-09-06_2025-09-15
0.1,2,PPI m/m|Core PPI m/m,Bad|Neutral,10,8,2,80.0,20.0,4.0,2018-04-06_2018-04-15|2018-06-05_2018-06-14|2019-04-11_2019-04-20|2019-11-07_2019-11-16|2020-06-04_2020-06-13|2022-10-12_2022-10-21|2023-09-07_2023-09-16|2023-10-07_2023-10-16|2024-03-05_2024-03-14|2025-02-08_2025-02-17
0.1,2,PPI m/m|Core PPI m/m,Neutral|Neutral,18,14,4,77.8,22.2,3.5,2018-05-06_2018-05-15|2018-10-03_2018-10-12|2019-03-12_2019-03-21|2019-05-01_2019-05-10|2019-06-10_2019-06-19|2019-09-08_2019-09-17|2020-12-11_2020-12-20|2021-03-11_2021-03-20|2021-09-07_2021-09-16|2021-11-06_2021-11-15|2022-06-14_2022-06-23|2023-07-09_2023-07-18|2023-08-08_2023-08-17|2024-04-04_2024-04-13|2024-10-11_2024-10-20|2024-11-10_2024-11-19|2025-11-25_2025-12-04|2024-09-11_2024-09-20
0.1,2,PPI m/m|Core PPI m/m,Good|Neutral,4,4,0,100.0,0.0,inf,2018-08-04_2018-08-13|2019-02-10_2019-02-19|2021-01-10_2021-01-19|2023-06-09_2023-06-18
0.1,2,PPI m/m|Core PPI m/m,Bad|Bad,11,8,3,72.7,27.3,2.67,2018-11-02_2018-11-11|2020-02-15_2020-02-24|2020-08-03_2020-08-12|2020-10-12_2020-10-21|2021-03-31_2021-04-09|2021-07-09_2021-07-18|2021-12-06_2021-12-15|2022-02-14_2022-02-23|2026-01-24_2026-02-02|2026-02-23_2026-03-04|2021-02-09_2021-02-18
0.1,2,PPI m/m|Core PPI m/m,Neutral|Good,6,4,2,66.7,33.3,2.0,2019-01-11_2019-01-20|2019-08-09_2019-08-18|2023-12-06_2023-12-15|2024-08-12_2024-08-21|2025-06-08_2025-06-17|2021-10-07_2021-10-16
0.1,2,PPI m/m|Core PPI m/m,Neutral|Bad,4,1,3,25.0,75.0,0.33,2020-09-02_2020-09-11|2024-07-03_2024-07-12|2022-09-12_2022-09-21|2022-12-01_2022-12-10
0.2,2,PPI m/m|Core PPI m/m,Good|Good,11,9,2,81.8,18.2,4.5,2018-01-06_2018-01-15|2018-09-03_2018-09-12|2019-10-08_2019-10-17|2020-07-04_2020-07-13|2023-03-11_2023-03-20|2023-11-06_2023-11-15|2024-06-13_2024-06-22|2025-03-10_2025-03-19|2025-04-09_2025-04-18|2025-05-09_2025-05-18|2025-09-06_2025-09-15
0.2,2,PPI m/m|Core PPI m/m,Neutral|Neutral,38,29,9,76.3,23.7,3.22,2018-04-06_2018-04-15|2018-05-06_2018-05-15|2018-06-05_2018-06-14|2018-08-04_2018-08-13|2018-10-03_2018-10-12|2019-02-10_2019-02-19|2019-03-12_2019-03-21|2019-05-01_2019-05-10|2019-06-10_2019-06-19|2019-09-08_2019-09-17|2019-11-07_2019-11-16|2020-09-02_2020-09-11|2020-10-12_2020-10-21|2020-12-11_2020-12-20|2021-01-10_2021-01-19|2021-03-11_2021-03-20|2021-09-07_2021-09-16|2021-11-06_2021-11-15|2022-06-14_2022-06-23|2022-10-12_2022-10-21|2023-07-09_2023-07-18|2023-08-08_2023-08-17|2023-10-07_2023-10-16|2023-12-06_2023-12-15|2024-01-05_2024-01-14|2024-04-04_2024-04-13|2024-07-03_2024-07-12|2024-08-12_2024-08-21|2024-10-11_2024-10-20|2024-11-10_2024-11-19|2025-06-08_2025-06-17|2025-07-08_2025-07-17|2025-11-25_2025-12-04|2022-09-12_2022-09-21|2022-12-01_2022-12-10|2023-06-09_2023-06-18|2024-09-11_2024-09-20|2025-02-08_2025-02-17
0.2,2,PPI m/m|Core PPI m/m,Bad|Bad,9,6,3,66.7,33.3,2.0,2018-11-02_2018-11-11|2020-02-15_2020-02-24|2020-08-03_2020-08-12|2021-03-31_2021-04-09|2021-07-09_2021-07-18|2021-12-06_2021-12-15|2022-02-14_2022-02-23|2026-01-24_2026-02-02|2021-02-09_2021-02-18
0.2,2,PPI m/m|Core PPI m/m,Neutral|Good,6,3,3,50.0,50.0,1.0,2019-01-11_2019-01-20|2019-08-09_2019-08-18|2019-12-07_2019-12-16|2022-03-06_2022-03-15|2022-11-11_2022-11-20|2021-10-07_2021-10-16
0.2,2,PPI m/m|Core PPI m/m,Bad|Neutral,4,3,1,75.0,25.0,3.0,2019-04-11_2019-04-20|2020-06-04_2020-06-13|2023-09-07_2023-09-16|2024-03-05_2024-03-14
0.2,2,PPI m/m|Core PPI m/m,Good|Neutral,1,1,0,100.0,0.0,inf,2022-08-03_2022-08-12
0.2,2,PPI m/m|Core PPI m/m,Neutral|Bad,1,1,0,100.0,0.0,inf,2026-02-23_2026-03-04
0.3,2,PPI m/m|Core PPI m/m,Good|Good,8,6,2,75.0,25.0,3.0,2018-01-06_2018-01-15|2018-09-03_2018-09-12|2019-10-08_2019-10-17|2020-07-04_2020-07-13|2023-03-11_2023-03-20|2025-04-09_2025-04-18|2025-05-09_2025-05-18|2025-09-06_2025-09-15
0.3,2,PPI m/m|Core PPI m/m,Neutral|Neutral,43,32,11,74.4,25.6,2.91,2018-04-06_2018-04-15|2018-05-06_2018-05-15|2018-06-05_2018-06-14|2018-08-04_2018-08-13|2018-10-03_2018-10-12|2019-02-10_2019-02-19|2019-03-12_2019-03-21|2019-04-11_2019-04-20|2019-05-01_2019-05-10|2019-06-10_2019-06-19|2019-09-08_2019-09-17|2019-11-07_2019-11-16|2020-09-02_2020-09-11|2020-10-12_2020-10-21|2020-12-11_2020-12-20|2021-01-10_2021-01-19|2021-03-11_2021-03-20|2021-09-07_2021-09-16|2021-11-06_2021-11-15|2022-06-14_2022-06-23|2022-10-12_2022-10-21|2022-11-11_2022-11-20|2023-07-09_2023-07-18|2023-08-08_2023-08-17|2023-09-07_2023-09-16|2023-10-07_2023-10-16|2023-12-06_2023-12-15|2024-01-05_2024-01-14|2024-03-05_2024-03-14|2024-04-04_2024-04-13|2024-07-03_2024-07-12|2024-08-12_2024-08-21|2024-10-11_2024-10-20|2024-11-10_2024-11-19|2025-06-08_2025-06-17|2025-07-08_2025-07-17|2025-11-25_2025-12-04|2021-10-07_2021-10-16|2022-09-12_2022-09-21|2022-12-01_2022-12-10|2023-06-09_2023-06-18|2024-09-11_2024-09-20|2025-02-08_2025-02-17
0.3,2,PPI m/m|Core PPI m/m,Bad|Neutral,4,2,2,50.0,50.0,1.0,2018-11-02_2018-11-11|2020-02-15_2020-02-24|2020-06-04_2020-06-13|2021-12-06_2021-12-15
0.3,2,PPI m/m|Core PPI m/m,Neutral|Good,5,3,2,60.0,40.0,1.5,2019-01-11_2019-01-20|2019-08-09_2019-08-18|2019-12-07_2019-12-16|2022-03-06_2022-03-15|2025-03-10_2025-03-19
0.3,2,PPI m/m|Core PPI m/m,Neutral|Bad,3,2,1,66.7,33.3,2.0,2020-08-03_2020-08-12|2026-01-24_2026-02-02|2026-02-23_2026-03-04
0.3,2,PPI m/m|Core PPI m/m,Bad|Bad,4,4,0,100.0,0.0,inf,2021-03-31_2021-04-09|2021-07-09_2021-07-18|2022-02-14_2022-02-23|2021-02-09_2021-02-18
0.3,2,PPI m/m|Core PPI m/m,Good|Neutral,3,3,0,100.0,0.0,inf,2022-08-03_2022-08-12|2023-11-06_2023-11-15|2024-06-13_2024-06-22
0.0,2,PPI m/m|FOMC,Neutral|Neutral,1,0,1,0.0,100.0,0.0,2023-12-06_2023-12-15
0.0,2,PPI m/m|FOMC,Good|Neutral,1,1,0,100.0,0.0,inf,2023-06-09_2023-06-18
0.0,2,PPI m/m|FOMC,Bad|Good,1,1,0,100.0,0.0,inf,2024-09-11_2024-09-20
0.1,2,PPI m/m|FOMC,Neutral|Neutral,1,0,1,0.0,100.0,0.0,2023-12-06_2023-12-15
0.1,2,PPI m/m|FOMC,Good|Neutral,1,1,0,100.0,0.0,inf,2023-06-09_2023-06-18
0.1,2,PPI m/m|FOMC,Neutral|Good,1,1,0,100.0,0.0,inf,2024-09-11_2024-09-20
0.2,2,PPI m/m|FOMC,Neutral|Neutral,2,1,1,50.0,50.0,1.0,2023-12-06_2023-12-15|2023-06-09_2023-06-18
0.2,2,PPI m/m|FOMC,Neutral|Good,1,1,0,100.0,0.0,inf,2024-09-11_2024-09-20
0.3,2,PPI m/m|FOMC,Neutral|Neutral,3,2,1,66.7,33.3,2.0,2023-12-06_2023-12-15|2023-06-09_2023-06-18|2024-09-11_2024-09-20
0.0,2,PPI m/m|CPI y/y,Good|Neutral,8,5,3,62.5,37.5,1.67,2018-01-06_2018-01-15|2018-05-06_2018-05-15|2018-08-04_2018-08-13|2019-01-11_2019-01-20|2021-01-10_2021-01-19|2022-03-06_2022-03-15|2023-03-11_2023-03-20|2025-09-06_2025-09-15
0.0,2,PPI m/m|CPI y/y,Bad|Neutral,7,6,1,85.7,14.3,6.0,2018-04-06_2018-04-15|2018-06-05_2018-06-14|2020-10-12_2020-10-21|2021-09-07_2021-09-16|2021-12-06_2021-12-15|2021-02-09_2021-02-18|2024-09-11_2024-09-20
0.0,2,PPI m/m|CPI y/y,Neutral|Good,3,2,1,66.7,33.3,2.0,2018-10-03_2018-10-12|2019-05-01_2019-05-10|2019-06-10_2019-06-19
0.0,2,PPI m/m|CPI y/y,Good|Bad,6,6,0,100.0,0.0,inf,2019-02-10_2019-02-19|2019-12-07_2019-12-16|2024-01-05_2024-01-14|2024-04-04_2024-04-13|2025-07-08_2025-07-17|2021-10-07_2021-10-16
0.0,2,PPI m/m|CPI y/y,Good|Good,11,10,1,90.9,9.1,10.0,2019-03-12_2019-03-21|2019-10-08_2019-10-17|2022-08-03_2022-08-12|2023-07-09_2023-07-18|2023-11-06_2023-11-15|2024-08-12_2024-08-21|2025-03-10_2025-03-19|2025-04-09_2025-04-18|2025-05-09_2025-05-18|2025-06-08_2025-06-17|2023-06-09_2023-06-18
0.0,2,PPI m/m|CPI y/y,Neutral|Bad,3,2,1,66.7,33.3,2.0,2019-08-09_2019-08-18|2021-11-06_2021-11-15|2022-09-12_2022-09-21
0.0,2,PPI m/m|CPI y/y,Bad|Good,4,3,1,75.0,25.0,3.0,2019-09-08_2019-09-17|2020-06-04_2020-06-13|2023-08-08_2023-08-17|2024-07-03_2024-07-12
0.0,2,PPI m/m|CPI y/y,Bad|Bad,9,5,4,55.6,44.4,1.25,2019-11-07_2019-11-16|2020-08-03_2020-08-12|2020-09-02_2020-09-11|2021-07-09_2021-07-18|2022-10-12_2022-10-21|2023-09-07_2023-09-16|2023-10-07_2023-10-16|2024-03-05_2024-03-14|2025-02-08_2025-02-17
0.0,2,PPI m/m|CPI y/y,Neutral|Neutral,2,1,1,50.0,50.0,1.0,2023-12-06_2023-12-15|2024-11-10_2024-11-19
0.1,2,PPI m/m|CPI y/y,Good|Neutral,8,6,2,75.0,25.0,3.0,2018-01-06_2018-01-15|2018-08-04_2018-08-13|2021-01-10_2021-01-19|2022-03-06_2022-03-15|2023-03-11_2023-03-20|2023-11-06_2023-11-15|2025-09-06_2025-09-15|2023-06-09_2023-06-18
0.1,2,PPI m/m|CPI y/y,Bad|Neutral,6,5,1,83.3,16.7,5.0,2018-04-06_2018-04-15|2018-06-05_2018-06-14|2020-10-12_2020-10-21|2021-12-06_2021-12-15|2022-10-12_2022-10-21|2021-02-09_2021-02-18
0.1,2,PPI m/m|CPI y/y,Neutral|Neutral,8,4,4,50.0,50.0,1.0,2018-05-06_2018-05-15|2019-01-11_2019-01-20|2019-06-10_2019-06-19|2021-09-07_2021-09-16|2023-08-08_2023-08-17|2023-12-06_2023-12-15|2024-11-10_2024-11-19|2024-09-11_2024-09-20
0.1,2,PPI m/m|CPI y/y,Neutral|Good,8,8,0,100.0,0.0,inf,2018-10-03_2018-10-12|2019-03-12_2019-03-21|2019-05-01_2019-05-10|2019-09-08_2019-09-17|2023-07-09_2023-07-18|2024-07-03_2024-07-12|2024-08-12_2024-08-21|2025-06-08_2025-06-17
0.1,2,PPI m/m|CPI y/y,Good|Bad,4,4,0,100.0,0.0,inf,2019-02-10_2019-02-19|2019-12-07_2019-12-16|2024-01-05_2024-01-14|2025-07-08_2025-07-17
0.1,2,PPI m/m|CPI y/y,Neutral|Bad,6,4,2,66.7,33.3,2.0,2019-08-09_2019-08-18|2020-09-02_2020-09-11|2021-11-06_2021-11-15|2024-04-04_2024-04-13|2021-10-07_2021-10-16|2022-09-12_2022-09-21
0.1,2,PPI m/m|CPI y/y,Good|Good,5,4,1,80.0,20.0,4.0,2019-10-08_2019-10-17|2022-08-03_2022-08-12|2025-03-10_2025-03-19|2025-04-09_2025-04-18|2025-05-09_2025-05-18
0.1,2,PPI m/m|CPI y/y,Bad|Bad,7,4,3,57.1,42.9,1.33,2019-11-07_2019-11-16|2020-08-03_2020-08-12|2021-07-09_2021-07-18|2023-09-07_2023-09-16|2023-10-07_2023-10-16|2024-03-05_2024-03-14|2025-02-08_2025-02-17
0.1,2,PPI m/m|CPI y/y,Bad|Good,1,1,0,100.0,0.0,inf,2020-06-04_2020-06-13
0.2,2,PPI m/m|CPI y/y,Good|Neutral,9,7,2,77.8,22.2,3.5,2018-01-06_2018-01-15|2019-10-08_2019-10-17|2022-08-03_2022-08-12|2023-03-11_2023-03-20|2023-11-06_2023-11-15|2025-03-10_2025-03-19|2025-04-09_2025-04-18|2025-05-09_2025-05-18|2025-09-06_2025-09-15
0.2,2,PPI m/m|CPI y/y,Neutral|Neutral,35,28,7,80.0,20.0,4.0,2018-04-06_2018-04-15|2018-05-06_2018-05-15|2018-06-05_2018-06-14|2018-08-04_2018-08-13|2018-10-03_2018-10-12|2019-01-11_2019-01-20|2019-02-10_2019-02-19|2019-03-12_2019-03-21|2019-05-01_2019-05-10|2019-06-10_2019-06-19|2019-08-09_2019-08-18|2019-09-08_2019-09-17|2019-11-07_2019-11-16|2019-12-07_2019-12-16|2020-09-02_2020-09-11|2020-10-12_2020-10-21|2021-01-10_2021-01-19|2021-09-07_2021-09-16|2022-03-06_2022-03-15|2022-10-12_2022-10-21|2023-07-09_2023-07-18|2023-08-08_2023-08-17|2023-10-07_2023-10-16|2023-12-06_2023-12-15|2024-01-05_2024-01-14|2024-04-04_2024-04-13|2024-07-03_2024-07-12|2024-08-12_2024-08-21|2024-11-10_2024-11-19|2025-06-08_2025-06-17|2025-07-08_2025-07-17|2021-10-07_2021-10-16|2023-06-09_2023-06-18|2024-09-11_2024-09-20|2025-02-08_2025-02-17
0.2,2,PPI m/m|CPI y/y,Bad|Neutral,5,3,2,60.0,40.0,1.5,2020-06-04_2020-06-13|2021-12-06_2021-12-15|2023-09-07_2023-09-16|2024-03-05_2024-03-14|2021-02-09_2021-02-18
0.2,2,PPI m/m|CPI y/y,Bad|Bad,2,1,1,50.0,50.0,1.0,2020-08-03_2020-08-12|2021-07-09_2021-07-18
0.2,2,PPI m/m|CPI y/y,Neutral|Bad,2,1,1,50.0,50.0,1.0,2021-11-06_2021-11-15|2022-09-12_2022-09-21
0.3,2,PPI m/m|CPI y/y,Good|Neutral,8,6,2,75.0,25.0,3.0,2018-01-06_2018-01-15|2019-10-08_2019-10-17|2022-08-03_2022-08-12|2023-03-11_2023-03-20|2023-11-06_2023-11-15|2025-04-09_2025-04-18|2025-05-09_2025-05-18|2025-09-06_2025-09-15
0.3,2,PPI m/m|CPI y/y,Neutral|Neutral,40,31,9,77.5,22.5,3.44,2018-04-06_2018-04-15|2018-05-06_2018-05-15|2018-06-05_2018-06-14|2018-08-04_2018-08-13|2018-10-03_2018-10-12|2019-01-11_2019-01-20|2019-02-10_2019-02-19|2019-03-12_2019-03-21|2019-05-01_2019-05-10|2019-06-10_2019-06-19|2019-08-09_2019-08-18|2019-09-08_2019-09-17|2019-11-07_2019-11-16|2019-12-07_2019-12-16|2020-09-02_2020-09-11|2020-10-12_2020-10-21|2021-01-10_2021-01-19|2021-09-07_2021-09-16|2021-11-06_2021-11-15|2022-03-06_2022-03-15|2022-10-12_2022-10-21|2023-07-09_2023-07-18|2023-08-08_2023-08-17|2023-09-07_2023-09-16|2023-10-07_2023-10-16|2023-12-06_2023-12-15|2024-01-05_2024-01-14|2024-03-05_2024-03-14|2024-04-04_2024-04-13|2024-07-03_2024-07-12|2024-08-12_2024-08-21|2024-11-10_2024-11-19|2025-03-10_2025-03-19|2025-06-08_2025-06-17|2025-07-08_2025-07-17|2021-10-07_2021-10-16|2022-09-12_2022-09-21|2023-06-09_2023-06-18|2024-09-11_2024-09-20|2025-02-08_2025-02-17
0.3,2,PPI m/m|CPI y/y,Bad|Neutral,3,2,1,66.7,33.3,2.0,2020-06-04_2020-06-13|2021-12-06_2021-12-15|2021-02-09_2021-02-18
0.3,2,PPI m/m|CPI y/y,Neutral|Bad,1,0,1,0.0,100.0,0.0,2020-08-03_2020-08-12
0.3,2,PPI m/m|CPI y/y,Bad|Bad,1,1,0,100.0,0.0,inf,2021-07-09_2021-07-18
0.0,2,Core PPI m/m|FOMC,Good|Neutral,1,0,1,0.0,100.0,0.0,2023-12-06_2023-12-15
0.0,2,Core PPI m/m|FOMC,Neutral|Neutral,1,1,0,100.0,0.0,inf,2023-06-09_2023-06-18
0.0,2,Core PPI m/m|FOMC,Bad|Good,1,1,0,100.0,0.0,inf,2024-09-11_2024-09-20
0.1,2,Core PPI m/m|FOMC,Good|Neutral,1,0,1,0.0,100.0,0.0,2023-12-06_2023-12-15
0.1,2,Core PPI m/m|FOMC,Neutral|Neutral,1,1,0,100.0,0.0,inf,2023-06-09_2023-06-18
0.1,2,Core PPI m/m|FOMC,Neutral|Good,1,1,0,100.0,0.0,inf,2024-09-11_2024-09-20
0.2,2,Core PPI m/m|FOMC,Neutral|Neutral,2,1,1,50.0,50.0,1.0,2023-12-06_2023-12-15|2023-06-09_2023-06-18
0.2,2,Core PPI m/m|FOMC,Neutral|Good,1,1,0,100.0,0.0,inf,2024-09-11_2024-09-20
0.3,2,Core PPI m/m|FOMC,Neutral|Neutral,3,2,1,66.7,33.3,2.0,2023-12-06_2023-12-15|2023-06-09_2023-06-18|2024-09-11_2024-09-20
0.0,2,Core PPI m/m|CPI y/y,Good|Neutral,7,3,4,42.9,57.1,0.75,2018-01-06_2018-01-15|2018-08-04_2018-08-13|2019-01-11_2019-01-20|2022-03-06_2022-03-15|2023-03-11_2023-03-20|2023-12-06_2023-12-15|2025-09-06_2025-09-15
0.0,2,Core PPI m/m|CPI y/y,Bad|Neutral,7,6,1,85.7,14.3,6.0,2018-04-06_2018-04-15|2018-06-05_2018-06-14|2020-10-12_2020-10-21|2021-09-07_2021-09-16|2021-12-06_2021-12-15|2021-02-09_2021-02-18|2024-09-11_2024-09-20
0.0,2,Core PPI m/m|CPI y/y,Neutral|Neutral,3,3,0,100.0,0.0,inf,2018-05-06_2018-05-15|2021-01-10_2021-01-19|2024-11-10_2024-11-19
0.0,2,Core PPI m/m|CPI y/y,Neutral|Good,4,3,1,75.0,25.0,3.0,2018-10-03_2018-10-12|2019-06-10_2019-06-19|2020-06-04_2020-06-13|2023-06-09_2023-06-18
0.0,2,Core PPI m/m|CPI y/y,Bad|Bad,8,5,3,62.5,37.5,1.67,2019-02-10_2019-02-19|2019-11-07_2019-11-16|2020-08-03_2020-08-12|2020-09-02_2020-09-11|2021-07-09_2021-07-18|2023-10-07_2023-10-16|2024-03-05_2024-03-14|2022-09-12_2022-09-21
0.0,2,Core PPI m/m|CPI y/y,Good|Good,11,10,1,90.9,9.1,10.0,2019-03-12_2019-03-21|2019-05-01_2019-05-10|2019-10-08_2019-10-17|2022-08-03_2022-08-12|2023-07-09_2023-07-18|2023-11-06_2023-11-15|2024-08-12_2024-08-21|2025-03-10_2025-03-19|2025-04-09_2025-04-18|2025-05-09_2025-05-18|2025-06-08_2025-06-17
0.0,2,Core PPI m/m|CPI y/y,Good|Bad,6,6,0,100.0,0.0,inf,2019-08-09_2019-08-18|2019-12-07_2019-12-16|2021-11-06_2021-11-15|2024-01-05_2024-01-14|2025-07-08_2025-07-17|2021-10-07_2021-10-16
0.0,2,Core PPI m/m|CPI y/y,Bad|Good,3,2,1,66.7,33.3,2.0,2019-09-08_2019-09-17|2023-08-08_2023-08-17|2024-07-03_2024-07-12
0.0,2,Core PPI m/m|CPI y/y,Neutral|Bad,4,2,2,50.0,50.0,1.0,2022-10-12_2022-10-21|2023-09-07_2023-09-16|2024-04-04_2024-04-13|2025-02-08_2025-02-17
0.1,2,Core PPI m/m|CPI y/y,Good|Neutral,7,3,4,42.9,57.1,0.75,2018-01-06_2018-01-15|2019-01-11_2019-01-20|2022-03-06_2022-03-15|2023-03-11_2023-03-20|2023-11-06_2023-11-15|2023-12-06_2023-12-15|2025-09-06_2025-09-15
0.1,2,Core PPI m/m|CPI y/y,Neutral|Neutral,12,10,2,83.3,16.7,5.0,2018-04-06_2018-04-15|2018-05-06_2018-05-15|2018-06-05_2018-06-14|2018-08-04_2018-08-13|2019-06-10_2019-06-19|2021-01-10_2021-01-19|2021-09-07_2021-09-16|2022-10-12_2022-10-21|2023-08-08_2023-08-17|2024-11-10_2024-11-19|2023-06-09_2023-06-18|2024-09-11_2024-09-20
0.1,2,Core PPI m/m|CPI y/y,Neutral|Good,6,6,0,100.0,0.0,inf,2018-10-03_2018-10-12|2019-03-12_2019-03-21|2019-05-01_2019-05-10|2019-09-08_2019-09-17|2020-06-04_2020-06-13|2023-07-09_2023-07-18
0.1,2,Core PPI m/m|CPI y/y,Neutral|Bad,8,6,2,75.0,25.0,3.0,2019-02-10_2019-02-19|2019-11-07_2019-11-16|2021-11-06_2021-11-15|2023-09-07_2023-09-16|2023-10-07_2023-10-16|2024-03-05_2024-03-14|2024-04-04_2024-04-13|2025-02-08_2025-02-17
0.1,2,Core PPI m/m|CPI y/y,Good|Bad,5,5,0,100.0,0.0,inf,2019-08-09_2019-08-18|2019-12-07_2019-12-16|2024-01-05_2024-01-14|2025-07-08_2025-07-17|2021-10-07_2021-10-16
0.1,2,Core PPI m/m|CPI y/y,Good|Good,7,6,1,85.7,14.3,6.0,2019-10-08_2019-10-17|2022-08-03_2022-08-12|2024-08-12_2024-08-21|2025-03-10_2025-03-19|2025-04-09_2025-04-18|2025-05-09_2025-05-18|2025-06-08_2025-06-17
0.1,2,Core PPI m/m|CPI y/y,Bad|Bad,4,1,3,25.0,75.0,0.33,2020-08-03_2020-08-12|2020-09-02_2020-09-11|2021-07-09_2021-07-18|2022-09-12_2022-09-21
0.1,2,Core PPI m/m|CPI y/y,Bad|Neutral,3,2,1,66.7,33.3,2.0,2020-10-12_2020-10-21|2021-12-06_2021-12-15|2021-02-09_2021-02-18
0.1,2,Core PPI m/m|CPI y/y,Bad|Good,1,1,0,100.0,0.0,inf,2024-07-03_2024-07-12
0.2,2,Core PPI m/m|CPI y/y,Good|Neutral,13,9,4,69.2,30.8,2.25,2018-01-06_2018-01-15|2019-01-11_2019-01-20|2019-08-09_2019-08-18|2019-10-08_2019-10-17|2019-12-07_2019-12-16|2022-03-06_2022-03-15|2023-03-11_2023-03-20|2023-11-06_2023-11-15|2025-03-10_2025-03-19|2025-04-09_2025-04-18|2025-05-09_2025-05-18|2025-09-06_2025-09-15|2021-10-07_2021-10-16
0.2,2,Core PPI m/m|CPI y/y,Neutral|Neutral,34,28,6,82.4,17.6,4.67,2018-04-06_2018-04-15|2018-05-06_2018-05-15|2018-06-05_2018-06-14|2018-08-04_2018-08-13|2018-10-03_2018-10-12|2019-02-10_2019-02-19|2019-03-12_2019-03-21|2019-05-01_2019-05-10|2019-06-10_2019-06-19|2019-09-08_2019-09-17|2019-11-07_2019-11-16|2020-06-04_2020-06-13|2020-09-02_2020-09-11|2020-10-12_2020-10-21|2021-01-10_2021-01-19|2021-09-07_2021-09-16|2022-08-03_2022-08-12|2022-10-12_2022-10-21|2023-07-09_2023-07-18|2023-08-08_2023-08-17|2023-09-07_2023-09-16|2023-10-07_2023-10-16|2023-12-06_2023-12-15|2024-01-05_2024-01-14|2024-03-05_2024-03-14|2024-04-04_2024-04-13|2024-07-03_2024-07-12|2024-08-12_2024-08-21|2024-11-10_2024-11-19|2025-06-08_2025-06-17|2025-07-08_2025-07-17|2023-06-09_2023-06-18|2024-09-11_2024-09-20|2025-02-08_2025-02-17
0.2,2,Core PPI m/m|CPI y/y,Bad|Bad,2,1,1,50.0,50.0,1.0,2020-08-03_2020-08-12|2021-07-09_2021-07-18
0.2,2,Core PPI m/m|CPI y/y,Neutral|Bad,2,1,1,50.0,50.0,1.0,2021-11-06_2021-11-15|2022-09-12_2022-09-21
0.2,2,Core PPI m/m|CPI y/y,Bad|Neutral,2,1,1,50.0,50.0,1.0,2021-12-06_2021-12-15|2021-02-09_2021-02-18
0.3,2,Core PPI m/m|CPI y/y,Good|Neutral,11,7,4,63.6,36.4,1.75,2018-01-06_2018-01-15|2019-01-11_2019-01-20|2019-08-09_2019-08-18|2019-10-08_2019-10-17|2019-12-07_2019-12-16|2022-03-06_2022-03-15|2023-03-11_2023-03-20|2025-03-10_2025-03-19|2025-04-09_2025-04-18|2025-05-09_2025-05-18|2025-09-06_2025-09-15
0.3,2,Core PPI m/m|CPI y/y,Neutral|Neutral,39,31,8,79.5,20.5,3.88,2018-04-06_2018-04-15|2018-05-06_2018-05-15|2018-06-05_2018-06-14|2018-08-04_2018-08-13|2018-10-03_2018-10-12|2019-02-10_2019-02-19|2019-03-12_2019-03-21|2019-05-01_2019-05-10|2019-06-10_2019-06-19|2019-09-08_2019-09-17|2019-11-07_2019-11-16|2020-06-04_2020-06-13|2020-09-02_2020-09-11|2020-10-12_2020-10-21|2021-01-10_2021-01-19|2021-09-07_2021-09-16|2021-11-06_2021-11-15|2021-12-06_2021-12-15|2022-08-03_2022-08-12|2022-10-12_2022-10-21|2023-07-09_2023-07-18|2023-08-08_2023-08-17|2023-09-07_2023-09-16|2023-10-07_2023-10-16|2023-11-06_2023-11-15|2023-12-06_2023-12-15|2024-01-05_2024-01-14|2024-03-05_2024-03-14|2024-04-04_2024-04-13|2024-07-03_2024-07-12|2024-08-12_2024-08-21|2024-11-10_2024-11-19|2025-06-08_2025-06-17|2025-07-08_2025-07-17|2021-10-07_2021-10-16|2022-09-12_2022-09-21|2023-06-09_2023-06-18|2024-09-11_2024-09-20|2025-02-08_2025-02-17
0.3,2,Core PPI m/m|CPI y/y,Bad|Bad,2,1,1,50.0,50.0,1.0,2020-08-03_2020-08-12|2021-07-09_2021-07-18
0.3,2,Core PPI m/m|CPI y/y,Bad|Neutral,1,1,0,100.0,0.0,inf,2021-02-09_2021-02-18
0.0,2,FOMC|CPI y/y,Neutral|Neutral,1,0,1,0.0,100.0,0.0,2023-12-06_2023-12-15
0.0,2,FOMC|CPI y/y,Neutral|Good,2,2,0,100.0,0.0,inf,2024-06-03_2024-06-12|2023-06-09_2023-06-18
0.0,2,FOMC|CPI y/y,Good|Neutral,1,1,0,100.0,0.0,inf,2024-09-11_2024-09-20
0.1,2,FOMC|CPI y/y,Neutral|Neutral,2,1,1,50.0,50.0,1.0,2023-12-06_2023-12-15|2023-06-09_2023-06-18
0.1,2,FOMC|CPI y/y,Neutral|Good,1,1,0,100.0,0.0,inf,2024-06-03_2024-06-12
0.1,2,FOMC|CPI y/y,Good|Neutral,1,1,0,100.0,0.0,inf,2024-09-11_2024-09-20
0.2,2,FOMC|CPI y/y,Neutral|Neutral,3,2,1,66.7,33.3,2.0,2023-12-06_2023-12-15|2024-06-03_2024-06-12|2023-06-09_2023-06-18
0.2,2,FOMC|CPI y/y,Good|Neutral,1,1,0,100.0,0.0,inf,2024-09-11_2024-09-20
0.3,2,FOMC|CPI y/y,Neutral|Neutral,4,3,1,75.0,25.0,3.0,2023-12-06_2023-12-15|2024-06-03_2024-06-12|2023-06-09_2023-06-18|2024-09-11_2024-09-20
