آستانه,تعداد_شاخص‌ها,لیست_شاخص‌ها,الگوی_وضعیت,تعداد_کل_وقوع,تعداد_ضررده,تعداد_سودده,درصد_ضررده,درصد_سودده,نسبت_شانس,دوره‌ها
0.0,1,CPI m/m,Bad,23,16,7,69.6,30.4,2.29,2020-08-13_2020-09-11|2021-04-10_2021-05-09|2021-05-10_2021-06-08|2021-06-09_2021-07-08|2021-07-09_2021-08-07|2021-10-07_2021-11-05|2021-11-06_2021-12-05|2021-12-06_2022-01-04|2022-01-05_2022-02-03|2022-02-04_2022-03-05|2022-05-05_2022-06-03|2022-06-04_2022-07-03|2022-07-04_2022-08-02|2022-09-02_2022-10-01|2022-10-02_2022-10-31|2023-09-27_2023-10-26|2023-11-26_2023-12-25|2023-12-26_2024-01-24|2024-01-25_2024-02-23|2024-03-25_2024-04-23|2024-09-21_2024-10-20|2025-01-19_2025-02-17|2025-08-17_2025-09-15
0.0,1,CPI m/m,Neutral,22,14,8,63.6,36.4,1.75,2020-10-12_2020-11-10|2020-11-11_2020-12-10|2021-01-10_2021-02-08|2021-02-09_2021-03-10|2021-08-08_2021-09-06|2022-03-06_2022-04-04|2022-04-05_2022-05-04|2022-12-31_2023-01-29|2023-01-30_2023-02-28|2023-03-01_2023-03-30|2023-04-30_2023-05-29|2023-07-29_2023-08-27|2023-08-28_2023-09-26|2024-02-24_2024-03-24|2024-07-23_2024-08-21|2024-08-22_2024-09-20|2024-10-21_2024-11-19|2024-11-20_2024-12-19|2024-12-20_2025-01-18|2025-06-18_2025-07-17|2025-07-18_2025-08-16|2025-12-15_2026-01-13
0.0,1,CPI m/m,Good,17,12,5,70.6,29.4,2.4,2021-09-07_2021-10-06|2022-08-03_2022-09-01|2022-11-01_2022-11-30|2022-12-01_2022-12-30|2023-03-31_2023-04-29|2023-05-30_2023-06-28|2023-06-29_2023-07-28|2023-10-27_2023-11-25|2024-04-24_2024-05-23|2024-05-24_2024-06-22|2024-06-23_2024-07-22|2025-02-18_2025-03-19|2025-03-20_2025-04-18|2025-04-19_2025-05-18|2025-05-19_2025-06-17|2025-10-16_2025-11-14|2026-02-13_2026-03-14
0.1,1,CPI m/m,Bad,16,11,5,68.8,31.2,2.2,2020-08-13_2020-09-11|2021-05-10_2021-06-08|2021-06-09_2021-07-08|2021-07-09_2021-08-07|2021-10-07_2021-11-05|2021-11-06_2021-12-05|2021-12-06_2022-01-04|2022-02-04_2022-03-05|2022-06-04_2022-07-03|2022-07-04_2022-08-02|2022-09-02_2022-10-01|2022-10-02_2022-10-31|2023-09-27_2023-10-26|2024-03-25_2024-04-23|2025-01-19_2025-02-17|2025-08-17_2025-09-15
0.1,1,CPI m/m,Neutral,38,24,14,63.2,36.8,1.71,2020-10-12_2020-11-10|2020-11-11_2020-12-10|2021-01-10_2021-02-08|2021-02-09_2021-03-10|2021-04-10_2021-05-09|2021-08-08_2021-09-06|2022-01-05_2022-02-03|2022-03-06_2022-04-04|2022-04-05_2022-05-04|2022-05-05_2022-06-03|2022-12-31_2023-01-29|2023-01-30_2023-02-28|2023-03-01_2023-03-30|2023-03-31_2023-04-29|2023-04-30_2023-05-29|2023-05-30_2023-06-28|2023-06-29_2023-07-28|2023-07-29_2023-08-27|2023-08-28_2023-09-26|2023-10-27_2023-11-25|2023-11-26_2023-12-25|2023-12-26_2024-01-24|2024-01-25_2024-02-23|2024-02-24_2024-03-24|2024-05-24_2024-06-22|2024-07-23_2024-08-21|2024-08-22_2024-09-20|2024-09-21_2024-10-20|2024-10-21_2024-11-19|2024-11-20_2024-12-19|2024-12-20_2025-01-18|2025-02-18_2025-03-19|2025-04-19_2025-05-18|2025-05-19_2025-06-17|2025-06-18_2025-07-17|2025-07-18_2025-08-16|2025-12-15_2026-01-13|2026-02-13_2026-03-14
0.1,1,CPI m/m,Good,8,7,1,87.5,12.5,7.0,2021-09-07_2021-10-06|2022-08-03_2022-09-01|2022-11-01_2022-11-30|2022-12-01_2022-12-30|2024-04-24_2024-05-23|2024-06-23_2024-07-22|2025-03-20_2025-04-18|2025-10-16_2025-11-14
0.2,1,CPI m/m,Neutral,58,40,18,69.0,31.0,2.22,2020-08-13_2020-09-11|2020-10-12_2020-11-10|2020-11-11_2020-12-10|2021-01-10_2021-02-08|2021-02-09_2021-03-10|2021-04-10_2021-05-09|2021-06-09_2021-07-08|2021-08-08_2021-09-06|2021-09-07_2021-10-06|2021-10-07_2021-11-05|2021-12-06_2022-01-04|2022-01-05_2022-02-03|2022-02-04_2022-03-05|2022-03-06_2022-04-04|2022-04-05_2022-05-04|2022-05-05_2022-06-03|2022-07-04_2022-08-02|2022-08-03_2022-09-01|2022-09-02_2022-10-01|2022-10-02_2022-10-31|2022-11-01_2022-11-30|2022-12-01_2022-12-30|2022-12-31_2023-01-29|2023-01-30_2023-02-28|2023-03-01_2023-03-30|2023-03-31_2023-04-29|2023-04-30_2023-05-29|2023-05-30_2023-06-28|2023-06-29_2023-07-28|2023-07-29_2023-08-27|2023-08-28_2023-09-26|2023-09-27_2023-10-26|2023-10-27_2023-11-25|2023-11-26_2023-12-25|2023-12-26_2024-01-24|2024-01-25_2024-02-23|2024-02-24_2024-03-24|2024-03-25_2024-04-23|2024-04-24_2024-05-23|2024-05-24_2024-06-22|2024-06-23_2024-07-22|2024-07-23_2024-08-21|2024-08-22_2024-09-20|2024-09-21_2024-10-20|2024-10-21_2024-11-19|2024-11-20_2024-12-19|2024-12-20_2025-01-18|2025-01-19_2025-02-17|2025-02-18_2025-03-19|2025-03-20_2025-04-18|2025-04-19_2025-05-18|2025-05-19_2025-06-17|2025-06-18_2025-07-17|2025-07-18_2025-08-16|2025-08-17_2025-09-15|2025-10-16_2025-11-14|2025-12-15_2026-01-13|2026-02-13_2026-03-14
0.2,1,CPI m/m,Bad,4,2,2,50.0,50.0,1.0,2021-05-10_2021-06-08|2021-07-09_2021-08-07|2021-11-06_2021-12-05|2022-06-04_2022-07-03
0.3,1,CPI m/m,Neutral,58,40,18,69.0,31.0,2.22,2020-08-13_2020-09-11|2020-10-12_2020-11-10|2020-11-11_2020-12-10|2021-01-10_2021-02-08|2021-02-09_2021-03-10|2021-04-10_2021-05-09|2021-06-09_2021-07-08|2021-08-08_2021-09-06|2021-09-07_2021-10-06|2021-10-07_2021-11-05|2021-12-06_2022-01-04|2022-01-05_2022-02-03|2022-02-04_2022-03-05|2022-03-06_2022-04-04|2022-04-05_2022-05-04|2022-05-05_2022-06-03|2022-07-04_2022-08-02|2022-08-03_2022-09-01|2022-09-02_2022-10-01|2022-10-02_2022-10-31|2022-11-01_2022-11-30|2022-12-01_2022-12-30|2022-12-31_2023-01-29|2023-01-30_2023-02-28|2023-03-01_2023-03-30|2023-03-31_2023-04-29|2023-04-30_2023-05-29|2023-05-30_2023-06-28|2023-06-29_2023-07-28|2023-07-29_2023-08-27|2023-08-28_2023-09-26|2023-09-27_2023-10-26|2023-10-27_2023-11-25|2023-11-26_2023-12-25|2023-12-26_2024-01-24|2024-01-25_2024-02-23|2024-02-24_2024-03-24|2024-03-25_2024-04-23|2024-04-24_2024-05-23|2024-05-24_2024-06-22|2024-06-23_2024-07-22|2024-07-23_2024-08-21|2024-08-22_2024-09-20|2024-09-21_2024-10-20|2024-10-21_2024-11-19|2024-11-20_2024-12-19|2024-12-20_2025-01-18|2025-01-19_2025-02-17|2025-02-18_2025-03-19|2025-03-20_2025-04-18|2025-04-19_2025-05-18|2025-05-19_2025-06-17|2025-06-18_2025-07-17|2025-07-18_2025-08-16|2025-08-17_2025-09-15|2025-10-16_2025-11-14|2025-12-15_2026-01-13|2026-02-13_2026-03-14
0.3,1,CPI m/m,Bad,4,2,2,50.0,50.0,1.0,2021-05-10_2021-06-08|2021-07-09_2021-08-07|2021-11-06_2021-12-05|2022-06-04_2022-07-03
0.0,1,Core CPI m/m,Bad,22,16,6,72.7,27.3,2.67,2020-08-13_2020-09-11|2021-04-10_2021-05-09|2021-05-10_2021-06-08|2021-06-09_2021-07-08|2021-07-09_2021-08-07|2021-11-06_2021-12-05|2022-01-05_2022-02-03|2022-02-04_2022-03-05|2022-05-05_2022-06-03|2022-06-04_2022-07-03|2022-07-04_2022-08-02|2022-09-02_2022-10-01|2022-10-02_2022-10-31|2023-03-01_2023-03-30|2023-04-30_2023-05-29|2023-08-28_2023-09-26|2024-01-25_2024-02-23|2024-02-24_2024-03-24|2024-03-25_2024-04-23|2024-08-22_2024-09-20|2024-09-21_2024-10-20|2025-01-19_2025-02-17
0.0,1,Core CPI m/m,Neutral,20,12,8,60.0,40.0,1.5,2020-10-12_2020-11-10|2021-01-10_2021-02-08|2021-10-07_2021-11-05|2021-12-06_2022-01-04|2022-03-06_2022-04-04|2022-12-31_2023-01-29|2023-01-30_2023-02-28|2023-03-31_2023-04-29|2023-05-30_2023-06-28|2023-07-29_2023-08-27|2023-09-27_2023-10-26|2023-11-26_2023-12-25|2023-12-26_2024-01-24|2024-04-24_2024-05-23|2024-07-23_2024-08-21|2024-10-21_2024-11-19|2024-11-20_2024-12-19|2025-07-18_2025-08-16|2025-08-17_2025-09-15|2026-02-13_2026-03-14
0.0,1,Core CPI m/m,Good,20,14,6,70.0,30.0,2.33,2020-11-11_2020-12-10|2021-02-09_2021-03-10|2021-08-08_2021-09-06|2021-09-07_2021-10-06|2022-04-05_2022-05-04|2022-08-03_2022-09-01|2022-11-01_2022-11-30|2022-12-01_2022-12-30|2023-06-29_2023-07-28|2023-10-27_2023-11-25|2024-05-24_2024-06-22|2024-06-23_2024-07-22|2024-12-20_2025-01-18|2025-02-18_2025-03-19|2025-03-20_2025-04-18|2025-04-19_2025-05-18|2025-05-19_2025-06-17|2025-06-18_2025-07-17|2025-10-16_2025-11-14|2025-12-15_2026-01-13
0.1,1,Core CPI m/m,Bad,14,9,5,64.3,35.7,1.8,2020-08-13_2020-09-11|2021-05-10_2021-06-08|2021-06-09_2021-07-08|2021-07-09_2021-08-07|2021-11-06_2021-12-05|2022-05-05_2022-06-03|2022-07-04_2022-08-02|2022-09-02_2022-10-01|2022-10-02_2022-10-31|2023-04-30_2023-05-29|2024-01-25_2024-02-23|2024-02-24_2024-03-24|2024-03-25_2024-04-23|2025-01-19_2025-02-17
0.1,1,Core CPI m/m,Neutral,40,28,12,70.0,30.0,2.33,2020-10-12_2020-11-10|2020-11-11_2020-12-10|2021-01-10_2021-02-08|2021-04-10_2021-05-09|2021-10-07_2021-11-05|2021-12-06_2022-01-04|2022-01-05_2022-02-03|2022-02-04_2022-03-05|2022-03-06_2022-04-04|2022-06-04_2022-07-03|2022-12-01_2022-12-30|2022-12-31_2023-01-29|2023-01-30_2023-02-28|2023-03-01_2023-03-30|2023-03-31_2023-04-29|2023-05-30_2023-06-28|2023-06-29_2023-07-28|2023-07-29_2023-08-27|2023-08-28_2023-09-26|2023-09-27_2023-10-26|2023-10-27_2023-11-25|2023-11-26_2023-12-25|2023-12-26_2024-01-24|2024-04-24_2024-05-23|2024-05-24_2024-06-22|2024-06-23_2024-07-22|2024-07-23_2024-08-21|2024-08-22_2024-09-20|2024-09-21_2024-10-20|2024-10-21_2024-11-19|2024-11-20_2024-12-19|2024-12-20_2025-01-18|2025-02-18_2025-03-19|2025-04-19_2025-05-18|2025-06-18_2025-07-17|2025-07-18_2025-08-16|2025-08-17_2025-09-15|2025-10-16_2025-11-14|2025-12-15_2026-01-13|2026-02-13_2026-03-14
0.1,1,Core CPI m/m,Good,8,5,3,62.5,37.5,1.67,2021-02-09_2021-03-10|2021-08-08_2021-09-06|2021-09-07_2021-10-06|2022-04-05_2022-05-04|2022-08-03_2022-09-01|2022-11-01_2022-11-30|2025-03-20_2025-04-18|2025-05-19_2025-06-17
0.2,1,Core CPI m/m,Neutral,59,41,18,69.5,30.5,2.28,2020-08-13_2020-09-11|2020-10-12_2020-11-10|2020-11-11_2020-12-10|2021-01-10_2021-02-08|2021-02-09_2021-03-10|2021-04-10_2021-05-09|2021-06-09_2021-07-08|2021-08-08_2021-09-06|2021-09-07_2021-10-06|2021-10-07_2021-11-05|2021-11-06_2021-12-05|2021-12-06_2022-01-04|2022-01-05_2022-02-03|2022-02-04_2022-03-05|2022-03-06_2022-04-04|2022-04-05_2022-05-04|2022-05-05_2022-06-03|2022-06-04_2022-07-03|2022-07-04_2022-08-02|2022-08-03_2022-09-01|2022-10-02_2022-10-31|2022-11-01_2022-11-30|2022-12-01_2022-12-30|2022-12-31_2023-01-29|2023-01-30_2023-02-28|2023-03-01_2023-03-30|2023-03-31_2023-04-29|2023-04-30_2023-05-29|2023-05-30_2023-06-28|2023-06-29_2023-07-28|2023-07-29_2023-08-27|2023-08-28_2023-09-26|2023-09-27_2023-10-26|2023-10-27_2023-11-25|2023-11-26_2023-12-25|2023-12-26_2024-01-24|2024-01-25_2024-02-23|2024-02-24_2024-03-24|2024-03-25_2024-04-23|2024-04-24_2024-05-23|2024-05-24_2024-06-22|2024-06-23_2024-07-22|2024-07-23_2024-08-21|2024-08-22_2024-09-20|2024-09-21_2024-10-20|2024-10-21_2024-11-19|2024-11-20_2024-12-19|2024-12-20_2025-01-18|2025-01-19_2025-02-17|2025-02-18_2025-03-19|2025-03-20_2025-04-18|2025-04-19_2025-05-18|2025-05-19_2025-06-17|2025-06-18_2025-07-17|2025-07-18_2025-08-16|2025-08-17_2025-09-15|2025-10-16_2025-11-14|2025-12-15_2026-01-13|2026-02-13_2026-03-14
0.2,1,Core CPI m/m,Bad,3,1,2,33.3,66.7,0.5,2021-05-10_2021-06-08|2021-07-09_2021-08-07|2022-09-02_2022-10-01
0.3,1,Core CPI m/m,Neutral,60,41,19,68.3,31.7,2.16,2020-08-13_2020-09-11|2020-10-12_2020-11-10|2020-11-11_2020-12-10|2021-01-10_2021-02-08|2021-02-09_2021-03-10|2021-04-10_2021-05-09|2021-06-09_2021-07-08|2021-08-08_2021-09-06|2021-09-07_2021-10-06|2021-10-07_2021-11-05|2021-11-06_2021-12-05|2021-12-06_2022-01-04|2022-01-05_2022-02-03|2022-02-04_2022-03-05|2022-03-06_2022-04-04|2022-04-05_2022-05-04|2022-05-05_2022-06-03|2022-06-04_2022-07-03|2022-07-04_2022-08-02|2022-08-03_2022-09-01|2022-09-02_2022-10-01|2022-10-02_2022-10-31|2022-11-01_2022-11-30|2022-12-01_2022-12-30|2022-12-31_2023-01-29|2023-01-30_2023-02-28|2023-03-01_2023-03-30|2023-03-31_2023-04-29|2023-04-30_2023-05-29|2023-05-30_2023-06-28|2023-06-29_2023-07-28|2023-07-29_2023-08-27|2023-08-28_2023-09-26|2023-09-27_2023-10-26|2023-10-27_2023-11-25|2023-11-26_2023-12-25|2023-12-26_2024-01-24|2024-01-25_2024-02-23|2024-02-24_2024-03-24|2024-03-25_2024-04-23|2024-04-24_2024-05-23|2024-05-24_2024-06-22|2024-06-23_2024-07-22|2024-07-23_2024-08-21|2024-08-22_2024-09-20|2024-09-21_2024-10-20|2024-10-21_2024-11-19|2024-11-20_2024-12-19|2024-12-20_2025-01-18|2025-01-19_2025-02-17|2025-02-18_2025-03-19|2025-03-20_2025-04-18|2025-04-19_2025-05-18|2025-05-19_2025-06-17|2025-06-18_2025-07-17|2025-07-18_2025-08-16|2025-08-17_2025-09-15|2025-10-16_2025-11-14|2025-12-15_2026-01-13|2026-02-13_2026-03-14
0.3,1,Core CPI m/m,Bad,2,1,1,50.0,50.0,1.0,2021-05-10_2021-06-08|2021-07-09_2021-08-07
0.0,1,PPI m/m,Bad,30,19,11,63.3,36.7,1.73,2020-08-13_2020-09-11|2020-10-12_2020-11-10|2020-11-11_2020-12-10|2021-02-09_2021-03-10|2021-03-11_2021-04-09|2021-05-10_2021-06-08|2021-06-09_2021-07-08|2021-07-09_2021-08-07|2021-08-08_2021-09-06|2021-09-07_2021-10-06|2021-12-06_2022-01-04|2022-02-04_2022-03-05|2022-04-05_2022-05-04|2022-07-04_2022-08-02|2022-10-02_2022-10-31|2022-12-01_2022-12-30|2023-01-30_2023-02-28|2023-07-29_2023-08-27|2023-08-28_2023-09-26|2023-09-27_2023-10-26|2024-01-25_2024-02-23|2024-02-24_2024-03-24|2024-04-24_2024-05-23|2024-06-23_2024-07-22|2024-08-22_2024-09-20|2024-11-20_2024-12-19|2025-01-19_2025-02-17|2025-07-18_2025-08-16|2026-01-14_2026-02-12|2026-02-13_2026-03-14
0.0,1,PPI m/m,Neutral,8,4,4,50.0,50.0,1.0,2020-12-11_2021-01-09|2021-11-06_2021-12-05|2022-05-05_2022-06-03|2022-06-04_2022-07-03|2022-09-02_2022-10-01|2023-11-26_2023-12-25|2024-10-21_2024-11-19|2025-11-15_2025-12-14
0.0,1,PPI m/m,Good,25,17,8,68.0,32.0,2.12,2021-01-10_2021-02-08|2021-10-07_2021-11-05|2022-01-05_2022-02-03|2022-03-06_2022-04-04|2022-08-03_2022-09-01|2022-11-01_2022-11-30|2022-12-31_2023-01-29|2023-03-01_2023-03-30|2023-03-31_2023-04-29|2023-04-30_2023-05-29|2023-05-30_2023-06-28|2023-06-29_2023-07-28|2023-10-27_2023-11-25|2023-12-26_2024-01-24|2024-03-25_2024-04-23|2024-05-24_2024-06-22|2024-07-23_2024-08-21|2024-09-21_2024-10-20|2024-12-20_2025-01-18|2025-02-18_2025-03-19|2025-03-20_2025-04-18|2025-04-19_2025-05-18|2025-05-19_2025-06-17|2025-06-18_2025-07-17|2025-08-17_2025-09-15
0.1,1,PPI m/m,Neutral,22,14,8,63.6,36.4,1.75,2020-08-13_2020-09-11|2020-11-11_2020-12-10|2020-12-11_2021-01-09|2021-09-07_2021-10-06|2021-10-07_2021-11-05|2021-11-06_2021-12-05|2022-05-05_2022-06-03|2022-06-04_2022-07-03|2022-09-02_2022-10-01|2022-12-01_2022-12-30|2023-04-30_2023-05-29|2023-06-29_2023-07-28|2023-07-29_2023-08-27|2023-11-26_2023-12-25|2024-03-25_2024-04-23|2024-06-23_2024-07-22|2024-07-23_2024-08-21|2024-08-22_2024-09-20|2024-09-21_2024-10-20|2024-10-21_2024-11-19|2025-05-19_2025-06-17|2025-11-15_2025-12-14
0.1,1,PPI m/m,Bad,23,15,8,65.2,34.8,1.88,2020-10-12_2020-11-10|2021-02-09_2021-03-10|2021-03-11_2021-04-09|2021-05-10_2021-06-08|2021-06-09_2021-07-08|2021-07-09_2021-08-07|2021-08-08_2021-09-06|2021-12-06_2022-01-04|2022-02-04_2022-03-05|2022-04-05_2022-05-04|2022-07-04_2022-08-02|2022-10-02_2022-10-31|2023-01-30_2023-02-28|2023-08-28_2023-09-26|2023-09-27_2023-10-26|2024-01-25_2024-02-23|2024-02-24_2024-03-24|2024-04-24_2024-05-23|2024-11-20_2024-12-19|2025-01-19_2025-02-17|2025-07-18_2025-08-16|2026-01-14_2026-02-12|2026-02-13_2026-03-14
0.1,1,PPI m/m,Good,18,11,7,61.1,38.9,1.57,2021-01-10_2021-02-08|2022-01-05_2022-02-03|2022-03-06_2022-04-04|2022-08-03_2022-09-01|2022-11-01_2022-11-30|2022-12-31_2023-01-29|2023-03-01_2023-03-30|2023-03-31_2023-04-29|2023-05-30_2023-06-28|2023-10-27_2023-11-25|2023-12-26_2024-01-24|2024-05-24_2024-06-22|2024-12-20_2025-01-18|2025-02-18_2025-03-19|2025-03-20_2025-04-18|2025-04-19_2025-05-18|2025-06-18_2025-07-17|2025-08-17_2025-09-15
0.2,1,PPI m/m,Neutral,39,25,14,64.1,35.9,1.79,2020-08-13_2020-09-11|2020-10-12_2020-11-10|2020-11-11_2020-12-10|2020-12-11_2021-01-09|2021-01-10_2021-02-08|2021-09-07_2021-10-06|2021-10-07_2021-11-05|2021-11-06_2021-12-05|2022-01-05_2022-02-03|2022-03-06_2022-04-04|2022-05-05_2022-06-03|2022-06-04_2022-07-03|2022-09-02_2022-10-01|2022-10-02_2022-10-31|2022-11-01_2022-11-30|2022-12-01_2022-12-30|2023-04-30_2023-05-29|2023-05-30_2023-06-28|2023-06-29_2023-07-28|2023-07-29_2023-08-27|2023-09-27_2023-10-26|2023-11-26_2023-12-25|2023-12-26_2024-01-24|2024-01-25_2024-02-23|2024-03-25_2024-04-23|2024-04-24_2024-05-23|2024-06-23_2024-07-22|2024-07-23_2024-08-21|2024-08-22_2024-09-20|2024-09-21_2024-10-20|2024-10-21_2024-11-19|2024-11-20_2024-12-19|2024-12-20_2025-01-18|2025-01-19_2025-02-17|2025-05-19_2025-06-17|2025-06-18_2025-07-17|2025-11-15_2025-12-14|2026-01-14_2026-02-12|2026-02-13_2026-03-14
0.2,1,PPI m/m,Bad,14,8,6,57.1,42.9,1.33,2021-02-09_2021-03-10|2021-03-11_2021-04-09|2021-05-10_2021-06-08|2021-06-09_2021-07-08|2021-07-09_2021-08-07|2021-08-08_2021-09-06|2021-12-06_2022-01-04|2022-02-04_2022-03-05|2022-04-05_2022-05-04|2022-07-04_2022-08-02|2023-01-30_2023-02-28|2023-08-28_2023-09-26|2024-02-24_2024-03-24|2025-07-18_2025-08-16
0.2,1,PPI m/m,Good,10,7,3,70.0,30.0,2.33,2022-08-03_2022-09-01|2022-12-31_2023-01-29|2023-03-01_2023-03-30|2023-03-31_2023-04-29|2023-10-27_2023-11-25|2024-05-24_2024-06-22|2025-02-18_2025-03-19|2025-03-20_2025-04-18|2025-04-19_2025-05-18|2025-08-17_2025-09-15
0.3,1,PPI m/m,Neutral,46,29,17,63.0,37.0,1.71,2020-08-13_2020-09-11|2020-10-12_2020-11-10|2020-11-11_2020-12-10|2020-12-11_2021-01-09|2021-01-10_2021-02-08|2021-03-11_2021-04-09|2021-05-10_2021-06-08|2021-09-07_2021-10-06|2021-10-07_2021-11-05|2021-11-06_2021-12-05|2022-01-05_2022-02-03|2022-03-06_2022-04-04|2022-04-05_2022-05-04|2022-05-05_2022-06-03|2022-06-04_2022-07-03|2022-09-02_2022-10-01|2022-10-02_2022-10-31|2022-11-01_2022-11-30|2022-12-01_2022-12-30|2023-01-30_2023-02-28|2023-04-30_2023-05-29|2023-05-30_2023-06-28|2023-06-29_2023-07-28|2023-07-29_2023-08-27|2023-08-28_2023-09-26|2023-09-27_2023-10-26|2023-11-26_2023-12-25|2023-12-26_2024-01-24|2024-01-25_2024-02-23|2024-02-24_2024-03-24|2024-03-25_2024-04-23|2024-04-24_2024-05-23|2024-06-23_2024-07-22|2024-07-23_2024-08-21|2024-08-22_2024-09-20|2024-09-21_2024-10-20|2024-10-21_2024-11-19|2024-11-20_2024-12-19|2024-12-20_2025-01-18|2025-01-19_2025-02-17|2025-02-18_2025-03-19|2025-05-19_2025-06-17|2025-06-18_2025-07-17|2025-11-15_2025-12-14|2026-01-14_2026-02-12|2026-02-13_2026-03-14
0.3,1,PPI m/m,Bad,8,5,3,62.5,37.5,1.67,2021-02-09_2021-03-10|2021-06-09_2021-07-08|2021-07-09_2021-08-07|2021-08-08_2021-09-06|2021-12-06_2022-01-04|2022-02-04_2022-03-05|2022-07-04_2022-08-02|2025-07-18_2025-08-16
0.3,1,PPI m/m,Good,9,6,3,66.7,33.3,2.0,2022-08-03_2022-09-01|2022-12-31_2023-01-29|2023-03-01_2023-03-30|2023-03-31_2023-04-29|2023-10-27_2023-11-25|2024-05-24_2024-06-22|2025-03-20_2025-04-18|2025-04-19_2025-05-18|2025-08-17_2025-09-15
0.0,1,Core PPI m/m,Bad,25,15,10,60.0,40.0,1.5,2020-08-13_2020-09-11|2020-10-12_2020-11-10|2021-02-09_2021-03-10|2021-03-11_2021-04-09|2021-05-10_2021-06-08|2021-06-09_2021-07-08|2021-07-09_2021-08-07|2021-08-08_2021-09-06|2021-09-07_2021-10-06|2021-12-06_2022-01-04|2022-02-04_2022-03-05|2022-04-05_2022-05-04|2022-09-02_2022-10-01|2022-12-01_2022-12-30|2023-01-30_2023-02-28|2023-07-29_2023-08-27|2023-09-27_2023-10-26|2024-01-25_2024-02-23|2024-02-24_2024-03-24|2024-04-24_2024-05-23|2024-06-23_2024-07-22|2024-08-22_2024-09-20|2025-07-18_2025-08-16|2026-01-14_2026-02-12|2026-02-13_2026-03-14
0.0,1,Core PPI m/m,Good,26,17,9,65.4,34.6,1.89,2020-11-11_2020-12-10|2020-12-11_2021-01-09|2021-10-07_2021-11-05|2021-11-06_2021-12-05|2022-03-06_2022-04-04|2022-05-05_2022-06-03|2022-06-04_2022-07-03|2022-07-04_2022-08-02|2022-08-03_2022-09-01|2022-11-01_2022-11-30|2023-03-01_2023-03-30|2023-03-31_2023-04-29|2023-06-29_2023-07-28|2023-10-27_2023-11-25|2023-11-26_2023-12-25|2023-12-26_2024-01-24|2024-05-24_2024-06-22|2024-07-23_2024-08-21|2024-12-20_2025-01-18|2025-02-18_2025-03-19|2025-03-20_2025-04-18|2025-04-19_2025-05-18|2025-05-19_2025-06-17|2025-06-18_2025-07-17|2025-08-17_2025-09-15|2025-11-15_2025-12-14
0.0,1,Core PPI m/m,Neutral,12,8,4,66.7,33.3,2.0,2021-01-10_2021-02-08|2022-01-05_2022-02-03|2022-10-02_2022-10-31|2022-12-31_2023-01-29|2023-04-30_2023-05-29|2023-05-30_2023-06-28|2023-08-28_2023-09-26|2024-03-25_2024-04-23|2024-09-21_2024-10-20|2024-10-21_2024-11-19|2024-11-20_2024-12-19|2025-01-19_2025-02-17
0.1,1,Core PPI m/m,Bad,20,11,9,55.0,45.0,1.22,2020-08-13_2020-09-11|2020-10-12_2020-11-10|2021-02-09_2021-03-10|2021-03-11_2021-04-09|2021-05-10_2021-06-08|2021-06-09_2021-07-08|2021-07-09_2021-08-07|2021-08-08_2021-09-06|2021-12-06_2022-01-04|2022-02-04_2022-03-05|2022-04-05_2022-05-04|2022-09-02_2022-10-01|2022-12-01_2022-12-30|2023-01-30_2023-02-28|2024-01-25_2024-02-23|2024-04-24_2024-05-23|2024-06-23_2024-07-22|2025-07-18_2025-08-16|2026-01-14_2026-02-12|2026-02-13_2026-03-14
0.1,1,Core PPI m/m,Neutral,24,14,10,58.3,41.7,1.4,2020-11-11_2020-12-10|2020-12-11_2021-01-09|2021-01-10_2021-02-08|2021-09-07_2021-10-06|2021-11-06_2021-12-05|2022-01-05_2022-02-03|2022-06-04_2022-07-03|2022-07-04_2022-08-02|2022-10-02_2022-10-31|2022-12-31_2023-01-29|2023-04-30_2023-05-29|2023-05-30_2023-06-28|2023-06-29_2023-07-28|2023-07-29_2023-08-27|2023-08-28_2023-09-26|2023-09-27_2023-10-26|2024-02-24_2024-03-24|2024-03-25_2024-04-23|2024-08-22_2024-09-20|2024-09-21_2024-10-20|2024-10-21_2024-11-19|2024-11-20_2024-12-19|2025-01-19_2025-02-17|2025-11-15_2025-12-14
0.1,1,Core PPI m/m,Good,19,15,4,78.9,21.1,3.75,2021-10-07_2021-11-05|2022-03-06_2022-04-04|2022-05-05_2022-06-03|2022-08-03_2022-09-01|2022-11-01_2022-11-30|2023-03-01_2023-03-30|2023-03-31_2023-04-29|2023-10-27_2023-11-25|2023-11-26_2023-12-25|2023-12-26_2024-01-24|2024-05-24_2024-06-22|2024-07-23_2024-08-21|2024-12-20_2025-01-18|2025-02-18_2025-03-19|2025-03-20_2025-04-18|2025-04-19_2025-05-18|2025-05-19_2025-06-17|2025-06-18_2025-07-17|2025-08-17_2025-09-15
0.2,1,Core PPI m/m,Neutral,40,25,15,62.5,37.5,1.67,2020-08-13_2020-09-11|2020-10-12_2020-11-10|2020-11-11_2020-12-10|2020-12-11_2021-01-09|2021-01-10_2021-02-08|2021-06-09_2021-07-08|2021-09-07_2021-10-06|2021-11-06_2021-12-05|2022-01-05_2022-02-03|2022-05-05_2022-06-03|2022-06-04_2022-07-03|2022-07-04_2022-08-02|2022-08-03_2022-09-01|2022-09-02_2022-10-01|2022-10-02_2022-10-31|2022-12-01_2022-12-30|2022-12-31_2023-01-29|2023-01-30_2023-02-28|2023-04-30_2023-05-29|2023-05-30_2023-06-28|2023-06-29_2023-07-28|2023-07-29_2023-08-27|2023-08-28_2023-09-26|2023-09-27_2023-10-26|2023-11-26_2023-12-25|2023-12-26_2024-01-24|2024-02-24_2024-03-24|2024-03-25_2024-04-23|2024-06-23_2024-07-22|2024-07-23_2024-08-21|2024-08-22_2024-09-20|2024-09-21_2024-10-20|2024-10-21_2024-11-19|2024-11-20_2024-12-19|2024-12-20_2025-01-18|2025-01-19_2025-02-17|2025-05-19_2025-06-17|2025-06-18_2025-07-17|2025-11-15_2025-12-14|2026-01-14_2026-02-12
0.2,1,Core PPI m/m,Bad,12,7,5,58.3,41.7,1.4,2021-02-09_2021-03-10|2021-03-11_2021-04-09|2021-05-10_2021-06-08|2021-07-09_2021-08-07|2021-08-08_2021-09-06|2021-12-06_2022-01-04|2022-02-04_2022-03-05|2022-04-05_2022-05-04|2024-01-25_2024-02-23|2024-04-24_2024-05-23|2025-07-18_2025-08-16|2026-02-13_2026-03-14
0.2,1,Core PPI m/m,Good,11,8,3,72.7,27.3,2.67,2021-10-07_2021-11-05|2022-03-06_2022-04-04|2022-11-01_2022-11-30|2023-03-01_2023-03-30|2023-03-31_2023-04-29|2023-10-27_2023-11-25|2024-05-24_2024-06-22|2025-02-18_2025-03-19|2025-03-20_2025-04-18|2025-04-19_2025-05-18|2025-08-17_2025-09-15
0.3,1,Core PPI m/m,Neutral,48,32,16,66.7,33.3,2.0,2020-08-13_2020-09-11|2020-10-12_2020-11-10|2020-11-11_2020-12-10|2020-12-11_2021-01-09|2021-01-10_2021-02-08|2021-03-11_2021-04-09|2021-05-10_2021-06-08|2021-06-09_2021-07-08|2021-09-07_2021-10-06|2021-10-07_2021-11-05|2021-11-06_2021-12-05|2021-12-06_2022-01-04|2022-01-05_2022-02-03|2022-05-05_2022-06-03|2022-06-04_2022-07-03|2022-07-04_2022-08-02|2022-08-03_2022-09-01|2022-09-02_2022-10-01|2022-10-02_2022-10-31|2022-11-01_2022-11-30|2022-12-01_2022-12-30|2022-12-31_2023-01-29|2023-01-30_2023-02-28|2023-04-30_2023-05-29|2023-05-30_2023-06-28|2023-06-29_2023-07-28|2023-07-29_2023-08-27|2023-08-28_2023-09-26|2023-09-27_2023-10-26|2023-10-27_2023-11-25|2023-11-26_2023-12-25|2023-12-26_2024-01-24|2024-02-24_2024-03-24|2024-03-25_2024-04-23|2024-04-24_2024-05-23|2024-05-24_2024-06-22|2024-06-23_2024-07-22|2024-07-23_2024-08-21|2024-08-22_2024-09-20|2024-09-21_2024-10-20|2024-10-21_2024-11-19|2024-11-20_2024-12-19|2024-12-20_2025-01-18|2025-01-19_2025-02-17|2025-05-19_2025-06-17|2025-06-18_2025-07-17|2025-11-15_2025-12-14|2026-01-14_2026-02-12
0.3,1,Core PPI m/m,Bad,8,4,4,50.0,50.0,1.0,2021-02-09_2021-03-10|2021-07-09_2021-08-07|2021-08-08_2021-09-06|2022-02-04_2022-03-05|2022-04-05_2022-05-04|2024-01-25_2024-02-23|2025-07-18_2025-08-16|2026-02-13_2026-03-14
0.3,1,Core PPI m/m,Good,7,4,3,57.1,42.9,1.33,2022-03-06_2022-04-04|2023-03-01_2023-03-30|2023-03-31_2023-04-29|2025-02-18_2025-03-19|2025-03-20_2025-04-18|2025-04-19_2025-05-18|2025-08-17_2025-09-15
0.0,1,FOMC,Neutral,46,30,16,65.2,34.8,1.88,2020-09-12_2020-10-11|2020-10-12_2020-11-10|2020-12-11_2021-01-09|2021-01-10_2021-02-08|2021-03-11_2021-04-09|2021-04-10_2021-05-09|2021-06-09_2021-07-08|2021-07-09_2021-08-07|2021-09-07_2021-10-06|2021-10-07_2021-11-05|2021-12-06_2022-01-04|2022-01-05_2022-02-03|2022-03-06_2022-04-04|2022-04-05_2022-05-04|2022-06-04_2022-07-03|2022-07-04_2022-08-02|2022-09-02_2022-10-01|2022-11-01_2022-11-30|2022-12-01_2022-12-30|2023-01-30_2023-02-28|2023-03-01_2023-03-30|2023-04-30_2023-05-29|2023-05-30_2023-06-28|2023-06-29_2023-07-28|2023-08-28_2023-09-26|2023-10-27_2023-11-25|2023-11-26_2023-12-25|2024-01-25_2024-02-23|2024-02-24_2024-03-24|2024-04-24_2024-05-23|2024-05-24_2024-06-22|2024-07-23_2024-08-21|2024-08-22_2024-09-20|2024-10-21_2024-11-19|2024-11-20_2024-12-19|2025-01-19_2025-02-17|2025-02-18_2025-03-19|2025-04-19_2025-05-18|2025-06-18_2025-07-17|2025-07-18_2025-08-16|2025-09-16_2025-10-15|2025-10-16_2025-11-14|2025-11-15_2025-12-14|2026-01-14_2026-02-12|2026-03-15_2026-04-13|2026-04-14_2026-05-13
0.1,1,FOMC,Neutral,46,30,16,65.2,34.8,1.88,2020-09-12_2020-10-11|2020-10-12_2020-11-10|2020-12-11_2021-01-09|2021-01-10_2021-02-08|2021-03-11_2021-04-09|2021-04-10_2021-05-09|2021-06-09_2021-07-08|2021-07-09_2021-08-07|2021-09-07_2021-10-06|2021-10-07_2021-11-05|2021-12-06_2022-01-04|2022-01-05_2022-02-03|2022-03-06_2022-04-04|2022-04-05_2022-05-04|2022-06-04_2022-07-03|2022-07-04_2022-08-02|2022-09-02_2022-10-01|2022-11-01_2022-11-30|2022-12-01_2022-12-30|2023-01-30_2023-02-28|2023-03-01_2023-03-30|2023-04-30_2023-05-29|2023-05-30_2023-06-28|2023-06-29_2023-07-28|2023-08-28_2023-09-26|2023-10-27_2023-11-25|2023-11-26_2023-12-25|2024-01-25_2024-02-23|2024-02-24_2024-03-24|2024-04-24_2024-05-23|2024-05-24_2024-06-22|2024-07-23_2024-08-21|2024-08-22_2024-09-20|2024-10-21_2024-11-19|2024-11-20_2024-12-19|2025-01-19_2025-02-17|2025-02-18_2025-03-19|2025-04-19_2025-05-18|2025-06-18_2025-07-17|2025-07-18_2025-08-16|2025-09-16_2025-10-15|2025-10-16_2025-11-14|2025-11-15_2025-12-14|2026-01-14_2026-02-12|2026-03-15_2026-04-13|2026-04-14_2026-05-13
0.2,1,FOMC,Neutral,46,30,16,65.2,34.8,1.88,2020-09-12_2020-10-11|2020-10-12_2020-11-10|2020-12-11_2021-01-09|2021-01-10_2021-02-08|2021-03-11_2021-04-09|2021-04-10_2021-05-09|2021-06-09_2021-07-08|2021-07-09_2021-08-07|2021-09-07_2021-10-06|2021-10-07_2021-11-05|2021-12-06_2022-01-04|2022-01-05_2022-02-03|2022-03-06_2022-04-04|2022-04-05_2022-05-04|2022-06-04_2022-07-03|2022-07-04_2022-08-02|2022-09-02_2022-10-01|2022-11-01_2022-11-30|2022-12-01_2022-12-30|2023-01-30_2023-02-28|2023-03-01_2023-03-30|2023-04-30_2023-05-29|2023-05-30_2023-06-28|2023-06-29_2023-07-28|2023-08-28_2023-09-26|2023-10-27_2023-11-25|2023-11-26_2023-12-25|2024-01-25_2024-02-23|2024-02-24_2024-03-24|2024-04-24_2024-05-23|2024-05-24_2024-06-22|2024-07-23_2024-08-21|2024-08-22_2024-09-20|2024-10-21_2024-11-19|2024-11-20_2024-12-19|2025-01-19_2025-02-17|2025-02-18_2025-03-19|2025-04-19_2025-05-18|2025-06-18_2025-07-17|2025-07-18_2025-08-16|2025-09-16_2025-10-15|2025-10-16_2025-11-14|2025-11-15_2025-12-14|2026-01-14_2026-02-12|2026-03-15_2026-04-13|2026-04-14_2026-05-13
0.3,1,FOMC,Neutral,46,30,16,65.2,34.8,1.88,2020-09-12_2020-10-11|2020-10-12_2020-11-10|2020-12-11_2021-01-09|2021-01-10_2021-02-08|2021-03-11_2021-04-09|2021-04-10_2021-05-09|2021-06-09_2021-07-08|2021-07-09_2021-08-07|2021-09-07_2021-10-06|2021-10-07_2021-11-05|2021-12-06_2022-01-04|2022-01-05_2022-02-03|2022-03-06_2022-04-04|2022-04-05_2022-05-04|2022-06-04_2022-07-03|2022-07-04_2022-08-02|2022-09-02_2022-10-01|2022-11-01_2022-11-30|2022-12-01_2022-12-30|2023-01-30_2023-02-28|2023-03-01_2023-03-30|2023-04-30_2023-05-29|2023-05-30_2023-06-28|2023-06-29_2023-07-28|2023-08-28_2023-09-26|2023-10-27_2023-11-25|2023-11-26_2023-12-25|2024-01-25_2024-02-23|2024-02-24_2024-03-24|2024-04-24_2024-05-23|2024-05-24_2024-06-22|2024-07-23_2024-08-21|2024-08-22_2024-09-20|2024-10-21_2024-11-19|2024-11-20_2024-12-19|2025-01-19_2025-02-17|2025-02-18_2025-03-19|2025-04-19_2025-05-18|2025-06-18_2025-07-17|2025-07-18_2025-08-16|2025-09-16_2025-10-15|2025-10-16_2025-11-14|2025-11-15_2025-12-14|2026-01-14_2026-02-12|2026-03-15_2026-04-13|2026-04-14_2026-05-13
0.0,1,CPI y/y,Bad,25,17,8,68.0,32.0,2.12,2020-08-13_2020-09-11|2021-04-10_2021-05-09|2021-05-10_2021-06-08|2021-06-09_2021-07-08|2021-07-09_2021-08-07|2021-08-08_2021-09-06|2021-10-07_2021-11-05|2021-11-06_2021-12-05|2022-02-04_2022-03-05|2022-04-05_2022-05-04|2022-05-05_2022-06-03|2022-06-04_2022-07-03|2022-07-04_2022-08-02|2022-09-02_2022-10-01|2022-10-02_2022-10-31|2023-01-30_2023-02-28|2023-08-28_2023-09-26|2023-09-27_2023-10-26|2023-12-26_2024-01-24|2024-01-25_2024-02-23|2024-02-24_2024-03-24|2024-03-25_2024-04-23|2024-09-21_2024-10-20|2025-01-19_2025-02-17|2025-06-18_2025-07-17
0.0,1,CPI y/y,Neutral,16,11,5,68.8,31.2,2.2,2020-10-12_2020-11-10|2021-01-10_2021-02-08|2021-02-09_2021-03-10|2021-09-07_2021-10-06|2021-12-06_2022-01-04|2022-01-05_2022-02-03|2022-03-06_2022-04-04|2022-12-31_2023-01-29|2023-03-01_2023-03-30|2023-11-26_2023-12-25|2024-04-24_2024-05-23|2024-08-22_2024-09-20|2024-10-21_2024-11-19|2024-11-20_2024-12-19|2024-12-20_2025-01-18|2025-08-17_2025-09-15
0.0,1,CPI y/y,Good,21,14,7,66.7,33.3,2.0,2020-11-11_2020-12-10|2022-08-03_2022-09-01|2022-11-01_2022-11-30|2022-12-01_2022-12-30|2023-03-31_2023-04-29|2023-04-30_2023-05-29|2023-05-30_2023-06-28|2023-06-29_2023-07-28|2023-07-29_2023-08-27|2023-10-27_2023-11-25|2024-05-24_2024-06-22|2024-06-23_2024-07-22|2024-07-23_2024-08-21|2025-02-18_2025-03-19|2025-03-20_2025-04-18|2025-04-19_2025-05-18|2025-05-19_2025-06-17|2025-07-18_2025-08-16|2025-10-16_2025-11-14|2025-12-15_2026-01-13|2026-02-13_2026-03-14
0.1,1,CPI y/y,Bad,23,16,7,69.6,30.4,2.29,2020-08-13_2020-09-11|2021-04-10_2021-05-09|2021-05-10_2021-06-08|2021-06-09_2021-07-08|2021-07-09_2021-08-07|2021-08-08_2021-09-06|2021-10-07_2021-11-05|2021-11-06_2021-12-05|2022-02-04_2022-03-05|2022-05-05_2022-06-03|2022-06-04_2022-07-03|2022-07-04_2022-08-02|2022-09-02_2022-10-01|2023-01-30_2023-02-28|2023-08-28_2023-09-26|2023-09-27_2023-10-26|2023-12-26_2024-01-24|2024-01-25_2024-02-23|2024-02-24_2024-03-24|2024-03-25_2024-04-23|2024-09-21_2024-10-20|2025-01-19_2025-02-17|2025-06-18_2025-07-17
0.1,1,CPI y/y,Neutral,25,16,9,64.0,36.0,1.78,2020-10-12_2020-11-10|2020-11-11_2020-12-10|2021-01-10_2021-02-08|2021-02-09_2021-03-10|2021-09-07_2021-10-06|2021-12-06_2022-01-04|2022-01-05_2022-02-03|2022-03-06_2022-04-04|2022-04-05_2022-05-04|2022-10-02_2022-10-31|2022-12-31_2023-01-29|2023-03-01_2023-03-30|2023-03-31_2023-04-29|2023-04-30_2023-05-29|2023-05-30_2023-06-28|2023-07-29_2023-08-27|2023-10-27_2023-11-25|2023-11-26_2023-12-25|2024-04-24_2024-05-23|2024-08-22_2024-09-20|2024-10-21_2024-11-19|2024-11-20_2024-12-19|2024-12-20_2025-01-18|2025-07-18_2025-08-16|2025-08-17_2025-09-15
0.1,1,CPI y/y,Good,14,10,4,71.4,28.6,2.5,2022-08-03_2022-09-01|2022-11-01_2022-11-30|2022-12-01_2022-12-30|2023-06-29_2023-07-28|2024-05-24_2024-06-22|2024-06-23_2024-07-22|2024-07-23_2024-08-21|2025-02-18_2025-03-19|2025-03-20_2025-04-18|2025-04-19_2025-05-18|2025-05-19_2025-06-17|2025-10-16_2025-11-14|2025-12-15_2026-01-13|2026-02-13_2026-03-14
0.2,1,CPI y/y,Neutral,49,34,15,69.4,30.6,2.27,2020-08-13_2020-09-11|2020-10-12_2020-11-10|2020-11-11_2020-12-10|2021-01-10_2021-02-08|2021-02-09_2021-03-10|2021-04-10_2021-05-09|2021-08-08_2021-09-06|2021-09-07_2021-10-06|2021-10-07_2021-11-05|2021-12-06_2022-01-04|2022-01-05_2022-02-03|2022-03-06_2022-04-04|2022-04-05_2022-05-04|2022-08-03_2022-09-01|2022-10-02_2022-10-31|2022-12-31_2023-01-29|2023-03-01_2023-03-30|2023-03-31_2023-04-29|2023-04-30_2023-05-29|2023-05-30_2023-06-28|2023-06-29_2023-07-28|2023-07-29_2023-08-27|2023-08-28_2023-09-26|2023-09-27_2023-10-26|2023-10-27_2023-11-25|2023-11-26_2023-12-25|2023-12-26_2024-01-24|2024-02-24_2024-03-24|2024-03-25_2024-04-23|2024-04-24_2024-05-23|2024-05-24_2024-06-22|2024-06-23_2024-07-22|2024-07-23_2024-08-21|2024-08-22_2024-09-20|2024-09-21_2024-10-20|2024-10-21_2024-11-19|2024-11-20_2024-12-19|2024-12-20_2025-01-18|2025-01-19_2025-02-17|2025-02-18_2025-03-19|2025-03-20_2025-04-18|2025-04-19_2025-05-18|2025-05-19_2025-06-17|2025-06-18_2025-07-17|2025-07-18_2025-08-16|2025-08-17_2025-09-15|2025-10-16_2025-11-14|2025-12-15_2026-01-13|2026-02-13_2026-03-14
0.2,1,CPI y/y,Bad,11,6,5,54.5,45.5,1.2,2021-05-10_2021-06-08|2021-06-09_2021-07-08|2021-07-09_2021-08-07|2021-11-06_2021-12-05|2022-02-04_2022-03-05|2022-05-05_2022-06-03|2022-06-04_2022-07-03|2022-07-04_2022-08-02|2022-09-02_2022-10-01|2023-01-30_2023-02-28|2024-01-25_2024-02-23
0.2,1,CPI y/y,Good,2,2,0,100.0,0.0,inf,2022-11-01_2022-11-30|2022-12-01_2022-12-30
0.3,1,CPI y/y,Neutral,59,41,18,69.5,30.5,2.28,2020-08-13_2020-09-11|2020-10-12_2020-11-10|2020-11-11_2020-12-10|2021-01-10_2021-02-08|2021-02-09_2021-03-10|2021-04-10_2021-05-09|2021-06-09_2021-07-08|2021-08-08_2021-09-06|2021-09-07_2021-10-06|2021-10-07_2021-11-05|2021-11-06_2021-12-05|2021-12-06_2022-01-04|2022-01-05_2022-02-03|2022-02-04_2022-03-05|2022-03-06_2022-04-04|2022-04-05_2022-05-04|2022-05-05_2022-06-03|2022-06-04_2022-07-03|2022-08-03_2022-09-01|2022-09-02_2022-10-01|2022-10-02_2022-10-31|2022-11-01_2022-11-30|2022-12-01_2022-12-30|2022-12-31_2023-01-29|2023-01-30_2023-02-28|2023-03-01_2023-03-30|2023-03-31_2023-04-29|2023-04-30_2023-05-29|2023-05-30_2023-06-28|2023-06-29_2023-07-28|2023-07-29_2023-08-27|2023-08-28_2023-09-26|2023-09-27_2023-10-26|2023-10-27_2023-11-25|2023-11-26_2023-12-25|2023-12-26_2024-01-24|2024-01-25_2024-02-23|2024-02-24_2024-03-24|2024-03-25_2024-04-23|2024-04-24_2024-05-23|2024-05-24_2024-06-22|2024-06-23_2024-07-22|2024-07-23_2024-08-21|2024-08-22_2024-09-20|2024-09-21_2024-10-20|2024-10-21_2024-11-19|2024-11-20_2024-12-19|2024-12-20_2025-01-18|2025-01-19_2025-02-17|2025-02-18_2025-03-19|2025-03-20_2025-04-18|2025-04-19_2025-05-18|2025-05-19_2025-06-17|2025-06-18_2025-07-17|2025-07-18_2025-08-16|2025-08-17_2025-09-15|2025-10-16_2025-11-14|2025-12-15_2026-01-13|2026-02-13_2026-03-14
0.3,1,CPI y/y,Bad,3,1,2,33.3,66.7,0.5,2021-05-10_2021-06-08|2021-07-09_2021-08-07|2022-07-04_2022-08-02
0.0,2,CPI m/m|Core CPI m/m,Bad|Bad,17,11,6,64.7,35.3,1.83,2020-08-13_2020-09-11|2021-04-10_2021-05-09|2021-05-10_2021-06-08|2021-06-09_2021-07-08|2021-07-09_2021-08-07|2021-11-06_2021-12-05|2022-01-05_2022-02-03|2022-02-04_2022-03-05|2022-05-05_2022-06-03|2022-06-04_2022-07-03|2022-07-04_2022-08-02|2022-09-02_2022-10-01|2022-10-02_2022-10-31|2024-01-25_2024-02-23|2024-03-25_2024-04-23|2024-09-21_2024-10-20|2025-01-19_2025-02-17
0.0,2,CPI m/m|Core CPI m/m,Neutral|Neutral,10,5,5,50.0,50.0,1.0,2020-10-12_2020-11-10|2021-01-10_2021-02-08|2022-03-06_2022-04-04|2022-12-31_2023-01-29|2023-01-30_2023-02-28|2023-07-29_2023-08-27|2024-07-23_2024-08-21|2024-10-21_2024-11-19|2024-11-20_2024-12-19|2025-07-18_2025-08-16
0.0,2,CPI m/m|Core CPI m/m,Neutral|Good,7,4,3,57.1,42.9,1.33,2020-11-11_2020-12-10|2021-02-09_2021-03-10|2021-08-08_2021-09-06|2022-04-05_2022-05-04|2024-12-20_2025-01-18|2025-06-18_2025-07-17|2025-12-15_2026-01-13
0.0,2,CPI m/m|Core CPI m/m,Good|Good,13,10,3,76.9,23.1,3.33,2021-09-07_2021-10-06|2022-08-03_2022-09-01|2022-11-01_2022-11-30|2022-12-01_2022-12-30|2023-06-29_2023-07-28|2023-10-27_2023-11-25|2024-05-24_2024-06-22|2024-06-23_2024-07-22|2025-02-18_2025-03-19|2025-03-20_2025-04-18|2025-04-19_2025-05-18|2025-05-19_2025-06-17|2025-10-16_2025-11-14
0.0,2,CPI m/m|Core CPI m/m,Bad|Neutral,6,5,1,83.3,16.7,5.0,2021-10-07_2021-11-05|2021-12-06_2022-01-04|2023-09-27_2023-10-26|2023-11-26_2023-12-25|2023-12-26_2024-01-24|2025-08-17_2025-09-15
0.0,2,CPI m/m|Core CPI m/m,Neutral|Bad,5,5,0,100.0,0.0,inf,2023-03-01_2023-03-30|2023-04-30_2023-05-29|2023-08-28_2023-09-26|2024-02-24_2024-03-24|2024-08-22_2024-09-20
0.0,2,CPI m/m|Core CPI m/m,Good|Neutral,4,2,2,50.0,50.0,1.0,2023-03-31_2023-04-29|2023-05-30_2023-06-28|2024-04-24_2024-05-23|2026-02-13_2026-03-14
0.1,2,CPI m/m|Core CPI m/m,Bad|Bad,10,5,5,50.0,50.0,1.0,2020-08-13_2020-09-11|2021-05-10_2021-06-08|2021-06-09_2021-07-08|2021-07-09_2021-08-07|2021-11-06_2021-12-05|2022-07-04_2022-08-02|2022-09-02_2022-10-01|2022-10-02_2022-10-31|2024-03-25_2024-04-23|2025-01-19_2025-02-17
0.1,2,CPI m/m|Core CPI m/m,Neutral|Neutral,30,18,12,60.0,40.0,1.5,2020-10-12_2020-11-10|2020-11-11_2020-12-10|2021-01-10_2021-02-08|2021-04-10_2021-05-09|2022-01-05_2022-02-03|2022-03-06_2022-04-04|2022-12-31_2023-01-29|2023-01-30_2023-02-28|2023-03-01_2023-03-30|2023-03-31_2023-04-29|2023-05-30_2023-06-28|2023-06-29_2023-07-28|2023-07-29_2023-08-27|2023-08-28_2023-09-26|2023-10-27_2023-11-25|2023-11-26_2023-12-25|2023-12-26_2024-01-24|2024-05-24_2024-06-22|2024-07-23_2024-08-21|2024-08-22_2024-09-20|2024-09-21_2024-10-20|2024-10-21_2024-11-19|2024-11-20_2024-12-19|2024-12-20_2025-01-18|2025-02-18_2025-03-19|2025-04-19_2025-05-18|2025-06-18_2025-07-17|2025-07-18_2025-08-16|2025-12-15_2026-01-13|2026-02-13_2026-03-14
0.1,2,CPI m/m|Core CPI m/m,Neutral|Good,4,2,2,50.0,50.0,1.0,2021-02-09_2021-03-10|2021-08-08_2021-09-06|2022-04-05_2022-05-04|2025-05-19_2025-06-17
0.1,2,CPI m/m|Core CPI m/m,Good|Good,4,3,1,75.0,25.0,3.0,2021-09-07_2021-10-06|2022-08-03_2022-09-01|2022-11-01_2022-11-30|2025-03-20_2025-04-18
0.1,2,CPI m/m|Core CPI m/m,Bad|Neutral,6,6,0,100.0,0.0,inf,2021-10-07_2021-11-05|2021-12-06_2022-01-04|2022-02-04_2022-03-05|2022-06-04_2022-07-03|2023-09-27_2023-10-26|2025-08-17_2025-09-15
0.1,2,CPI m/m|Core CPI m/m,Neutral|Bad,4,4,0,100.0,0.0,inf,2022-05-05_2022-06-03|2023-04-30_2023-05-29|2024-01-25_2024-02-23|2024-02-24_2024-03-24
0.1,2,CPI m/m|Core CPI m/m,Good|Neutral,4,4,0,100.0,0.0,inf,2022-12-01_2022-12-30|2024-04-24_2024-05-23|2024-06-23_2024-07-22|2025-10-16_2025-11-14
0.2,2,CPI m/m|Core CPI m/m,Neutral|Neutral,57,40,17,70.2,29.8,2.35,2020-08-13_2020-09-11|2020-10-12_2020-11-10|2020-11-11_2020-12-10|2021-01-10_2021-02-08|2021-02-09_2021-03-10|2021-04-10_2021-05-09|2021-06-09_2021-07-08|2021-08-08_2021-09-06|2021-09-07_2021-10-06|2021-10-07_2021-11-05|2021-12-06_2022-01-04|2022-01-05_2022-02-03|2022-02-04_2022-03-05|2022-03-06_2022-04-04|2022-04-05_2022-05-04|2022-05-05_2022-06-03|2022-07-04_2022-08-02|2022-08-03_2022-09-01|2022-10-02_2022-10-31|2022-11-01_2022-11-30|2022-12-01_2022-12-30|2022-12-31_2023-01-29|2023-01-30_2023-02-28|2023-03-01_2023-03-30|2023-03-31_2023-04-29|2023-04-30_2023-05-29|2023-05-30_2023-06-28|2023-06-29_2023-07-28|2023-07-29_2023-08-27|2023-08-28_2023-09-26|2023-09-27_2023-10-26|2023-10-27_2023-11-25|2023-11-26_2023-12-25|2023-12-26_2024-01-24|2024-01-25_2024-02-23|2024-02-24_2024-03-24|2024-03-25_2024-04-23|2024-04-24_2024-05-23|2024-05-24_2024-06-22|2024-06-23_2024-07-22|2024-07-23_2024-08-21|2024-08-22_2024-09-20|2024-09-21_2024-10-20|2024-10-21_2024-11-19|2024-11-20_2024-12-19|2024-12-20_2025-01-18|2025-01-19_2025-02-17|2025-02-18_2025-03-19|2025-03-20_2025-04-18|2025-04-19_2025-05-18|2025-05-19_2025-06-17|2025-06-18_2025-07-17|2025-07-18_2025-08-16|2025-08-17_2025-09-15|2025-10-16_2025-11-14|2025-12-15_2026-01-13|2026-02-13_2026-03-14
0.2,2,CPI m/m|Core CPI m/m,Bad|Bad,2,1,1,50.0,50.0,1.0,2021-05-10_2021-06-08|2021-07-09_2021-08-07
0.2,2,CPI m/m|Core CPI m/m,Bad|Neutral,2,1,1,50.0,50.0,1.0,2021-11-06_2021-12-05|2022-06-04_2022-07-03
0.2,2,CPI m/m|Core CPI m/m,Neutral|Bad,1,0,1,0.0,100.0,0.0,2022-09-02_2022-10-01
0.3,2,CPI m/m|Core CPI m/m,Neutral|Neutral,58,40,18,69.0,31.0,2.22,2020-08-13_2020-09-11|2020-10-12_2020-11-10|2020-11-11_2020-12-10|2021-01-10_2021-02-08|2021-02-09_2021-03-10|2021-04-10_2021-05-09|2021-06-09_2021-07-08|2021-08-08_2021-09-06|2021-09-07_2021-10-06|2021-10-07_2021-11-05|2021-12-06_2022-01-04|2022-01-05_2022-02-03|2022-02-04_2022-03-05|2022-03-06_2022-04-04|2022-04-05_2022-05-04|2022-05-05_2022-06-03|2022-07-04_2022-08-02|2022-08-03_2022-09-01|2022-09-02_2022-10-01|2022-10-02_2022-10-31|2022-11-01_2022-11-30|2022-12-01_2022-12-30|2022-12-31_2023-01-29|2023-01-30_2023-02-28|2023-03-01_2023-03-30|2023-03-31_2023-04-29|2023-04-30_2023-05-29|2023-05-30_2023-06-28|2023-06-29_2023-07-28|2023-07-29_2023-08-27|2023-08-28_2023-09-26|2023-09-27_2023-10-26|2023-10-27_2023-11-25|2023-11-26_2023-12-25|2023-12-26_2024-01-24|2024-01-25_2024-02-23|2024-02-24_2024-03-24|2024-03-25_2024-04-23|2024-04-24_2024-05-23|2024-05-24_2024-06-22|2024-06-23_2024-07-22|2024-07-23_2024-08-21|2024-08-22_2024-09-20|2024-09-21_2024-10-20|2024-10-21_2024-11-19|2024-11-20_2024-12-19|2024-12-20_2025-01-18|2025-01-19_2025-02-17|2025-02-18_2025-03-19|2025-03-20_2025-04-18|2025-04-19_2025-05-18|2025-05-19_2025-06-17|2025-06-18_2025-07-17|2025-07-18_2025-08-16|2025-08-17_2025-09-15|2025-10-16_2025-11-14|2025-12-15_2026-01-13|2026-02-13_2026-03-14
0.3,2,CPI m/m|Core CPI m/m,Bad|Bad,2,1,1,50.0,50.0,1.0,2021-05-10_2021-06-08|2021-07-09_2021-08-07
0.3,2,CPI m/m|Core CPI m/m,Bad|Neutral,2,1,1,50.0,50.0,1.0,2021-11-06_2021-12-05|2022-06-04_2022-07-03
0.0,2,CPI m/m|PPI m/m,Bad|Bad,11,8,3,72.7,27.3,2.67,2020-08-13_2020-09-11|2021-05-10_2021-06-08|2021-06-09_2021-07-08|2021-07-09_2021-08-07|2021-12-06_2022-01-04|2022-02-04_2022-03-05|2022-07-04_2022-08-02|2022-10-02_2022-10-31|2023-09-27_2023-10-26|2024-01-25_2024-02-23|2025-01-19_2025-02-17
0.0,2,CPI m/m|PPI m/m,Neutral|Bad,12,7,5,58.3,41.7,1.4,2020-10-12_2020-11-10|2020-11-11_2020-12-10|2021-02-09_2021-03-10|2021-08-08_2021-09-06|2022-04-05_2022-05-04|2023-01-30_2023-02-28|2023-07-29_2023-08-27|2023-08-28_2023-09-26|2024-02-24_2024-03-24|2024-08-22_2024-09-20|2024-11-20_2024-12-19|2025-07-18_2025-08-16
0.0,2,CPI m/m|PPI m/m,Neutral|Good,8,6,2,75.0,25.0,3.0,2021-01-10_2021-02-08|2022-03-06_2022-04-04|2022-12-31_2023-01-29|2023-03-01_2023-03-30|2023-04-30_2023-05-29|2024-07-23_2024-08-21|2024-12-20_2025-01-18|2025-06-18_2025-07-17
0.0,2,CPI m/m|PPI m/m,Good|Bad,5,4,1,80.0,20.0,4.0,2021-09-07_2021-10-06|2022-12-01_2022-12-30|2024-04-24_2024-05-23|2024-06-23_2024-07-22|2026-02-13_2026-03-14
0.0,2,CPI m/m|PPI m/m,Bad|Good,6,4,2,66.7,33.3,2.0,2021-10-07_2021-11-05|2022-01-05_2022-02-03|2023-12-26_2024-01-24|2024-03-25_2024-04-23|2024-09-21_2024-10-20|2025-08-17_2025-09-15
0.0,2,CPI m/m|PPI m/m,Bad|Neutral,5,3,2,60.0,40.0,1.5,2021-11-06_2021-12-05|2022-05-05_2022-06-03|2022-06-04_2022-07-03|2022-09-02_2022-10-01|2023-11-26_2023-12-25
0.0,2,CPI m/m|PPI m/m,Good|Good,11,7,4,63.6,36.4,1.75,2022-08-03_2022-09-01|2022-11-01_2022-11-30|2023-03-31_2023-04-29|2023-05-30_2023-06-28|2023-06-29_2023-07-28|2023-10-27_2023-11-25|2024-05-24_2024-06-22|2025-02-18_2025-03-19|2025-03-20_2025-04-18|2025-04-19_2025-05-18|2025-05-19_2025-06-17
0.0,2,CPI m/m|PPI m/m,Neutral|Neutral,1,0,1,0.0,100.0,0.0,2024-10-21_2024-11-19
0.1,2,CPI m/m|PPI m/m,Bad|Neutral,6,3,3,50.0,50.0,1.0,2020-08-13_2020-09-11|2021-10-07_2021-11-05|2021-11-06_2021-12-05|2022-06-04_2022-07-03|2022-09-02_2022-10-01|2024-03-25_2024-04-23
0.1,2,CPI m/m|PPI m/m,Neutral|Bad,11,7,4,63.6,36.4,1.75,2020-10-12_2020-11-10|2021-02-09_2021-03-10|2021-08-08_2021-09-06|2022-04-05_2022-05-04|2023-01-30_2023-02-28|2023-08-28_2023-09-26|2024-01-25_2024-02-23|2024-02-24_2024-03-24|2024-11-20_2024-12-19|2025-07-18_2025-08-16|2026-02-13_2026-03-14
0.1,2,CPI m/m|PPI m/m,Neutral|Neutral,11,7,4,63.6,36.4,1.75,2020-11-11_2020-12-10|2022-05-05_2022-06-03|2023-04-30_2023-05-29|2023-06-29_2023-07-28|2023-07-29_2023-08-27|2023-11-26_2023-12-25|2024-07-23_2024-08-21|2024-08-22_2024-09-20|2024-09-21_2024-10-20|2024-10-21_2024-11-19|2025-05-19_2025-06-17
0.1,2,CPI m/m|PPI m/m,Neutral|Good,14,8,6,57.1,42.9,1.33,2021-01-10_2021-02-08|2022-01-05_2022-02-03|2022-03-06_2022-04-04|2022-12-31_2023-01-29|2023-03-01_2023-03-30|2023-03-31_2023-04-29|2023-05-30_2023-06-28|2023-10-27_2023-11-25|2023-12-26_2024-01-24|2024-05-24_2024-06-22|2024-12-20_2025-01-18|2025-02-18_2025-03-19|2025-04-19_2025-05-18|2025-06-18_2025-07-17
0.1,2,CPI m/m|PPI m/m,Bad|Bad,9,7,2,77.8,22.2,3.5,2021-05-10_2021-06-08|2021-06-09_2021-07-08|2021-07-09_2021-08-07|2021-12-06_2022-01-04|2022-02-04_2022-03-05|2022-07-04_2022-08-02|2022-10-02_2022-10-31|2023-09-27_2023-10-26|2025-01-19_2025-02-17
0.1,2,CPI m/m|PPI m/m,Good|Neutral,3,3,0,100.0,0.0,inf,2021-09-07_2021-10-06|2022-12-01_2022-12-30|2024-06-23_2024-07-22
0.1,2,CPI m/m|PPI m/m,Good|Good,3,2,1,66.7,33.3,2.0,2022-08-03_2022-09-01|2022-11-01_2022-11-30|2025-03-20_2025-04-18
0.1,2,CPI m/m|PPI m/m,Good|Bad,1,1,0,100.0,0.0,inf,2024-04-24_2024-05-23
0.1,2,CPI m/m|PPI m/m,Bad|Good,1,1,0,100.0,0.0,inf,2025-08-17_2025-09-15
0.2,2,CPI m/m|PPI m/m,Neutral|Neutral,34,23,11,67.6,32.4,2.09,2020-08-13_2020-09-11|2020-10-12_2020-11-10|2020-11-11_2020-12-10|2021-01-10_2021-02-08|2021-09-07_2021-10-06|2021-10-07_2021-11-05|2022-01-05_2022-02-03|2022-03-06_2022-04-04|2022-05-05_2022-06-03|2022-09-02_2022-10-01|2022-10-02_2022-10-31|2022-11-01_2022-11-30|2022-12-01_2022-12-30|2023-04-30_2023-05-29|2023-05-30_2023-06-28|2023-06-29_2023-07-28|2023-07-29_2023-08-27|2023-09-27_2023-10-26|2023-11-26_2023-12-25|2023-12-26_2024-01-24|2024-01-25_2024-02-23|2024-03-25_2024-04-23|2024-04-24_2024-05-23|2024-06-23_2024-07-22|2024-07-23_2024-08-21|2024-08-22_2024-09-20|2024-09-21_2024-10-20|2024-10-21_2024-11-19|2024-11-20_2024-12-19|2024-12-20_2025-01-18|2025-01-19_2025-02-17|2025-05-19_2025-06-17|2025-06-18_2025-07-17|2026-02-13_2026-03-14
0.2,2,CPI m/m|PPI m/m,Neutral|Bad,11,7,4,63.6,36.4,1.75,2021-02-09_2021-03-10|2021-06-09_2021-07-08|2021-08-08_2021-09-06|2021-12-06_2022-01-04|2022-02-04_2022-03-05|2022-04-05_2022-05-04|2022-07-04_2022-08-02|2023-01-30_2023-02-28|2023-08-28_2023-09-26|2024-02-24_2024-03-24|2025-07-18_2025-08-16
0.2,2,CPI m/m|PPI m/m,Bad|Bad,2,1,1,50.0,50.0,1.0,2021-05-10_2021-06-08|2021-07-09_2021-08-07
0.2,2,CPI m/m|PPI m/m,Bad|Neutral,2,1,1,50.0,50.0,1.0,2021-11-06_2021-12-05|2022-06-04_2022-07-03
0.2,2,CPI m/m|PPI m/m,Neutral|Good,10,7,3,70.0,30.0,2.33,2022-08-03_2022-09-01|2022-12-31_2023-01-29|2023-03-01_2023-03-30|2023-03-31_2023-04-29|2023-10-27_2023-11-25|2024-05-24_2024-06-22|2025-02-18_2025-03-19|2025-03-20_2025-04-18|2025-04-19_2025-05-18|2025-08-17_2025-09-15
0.3,2,CPI m/m|PPI m/m,Neutral|Neutral,39,26,13,66.7,33.3,2.0,2020-08-13_2020-09-11|2020-10-12_2020-11-10|2020-11-11_2020-12-10|2021-01-10_2021-02-08|2021-09-07_2021-10-06|2021-10-07_2021-11-05|2022-01-05_2022-02-03|2022-03-06_2022-04-04|2022-04-05_2022-05-04|2022-05-05_2022-06-03|2022-09-02_2022-10-01|2022-10-02_2022-10-31|2022-11-01_2022-11-30|2022-12-01_2022-12-30|2023-01-30_2023-02-28|2023-04-30_2023-05-29|2023-05-30_2023-06-28|2023-06-29_2023-07-28|2023-07-29_2023-08-27|2023-08-28_2023-09-26|2023-09-27_2023-10-26|2023-11-26_2023-12-25|2023-12-26_2024-01-24|2024-01-25_2024-02-23|2024-02-24_2024-03-24|2024-03-25_2024-04-23|2024-04-24_2024-05-23|2024-06-23_2024-07-22|2024-07-23_2024-08-21|2024-08-22_2024-09-20|2024-09-21_2024-10-20|2024-10-21_2024-11-19|2024-11-20_2024-12-19|2024-12-20_2025-01-18|2025-01-19_2025-02-17|2025-02-18_2025-03-19|2025-05-19_2025-06-17|2025-06-18_2025-07-17|2026-02-13_2026-03-14
0.3,2,CPI m/m|PPI m/m,Neutral|Bad,7,5,2,71.4,28.6,2.5,2021-02-09_2021-03-10|2021-06-09_2021-07-08|2021-08-08_2021-09-06|2021-12-06_2022-01-04|2022-02-04_2022-03-05|2022-07-04_2022-08-02|2025-07-18_2025-08-16
0.3,2,CPI m/m|PPI m/m,Bad|Neutral,3,2,1,66.7,33.3,2.0,2021-05-10_2021-06-08|2021-11-06_2021-12-05|2022-06-04_2022-07-03
0.3,2,CPI m/m|PPI m/m,Bad|Bad,1,0,1,0.0,100.0,0.0,2021-07-09_2021-08-07
0.3,2,CPI m/m|PPI m/m,Neutral|Good,9,6,3,66.7,33.3,2.0,2022-08-03_2022-09-01|2022-12-31_2023-01-29|2023-03-01_2023-03-30|2023-03-31_2023-04-29|2023-10-27_2023-11-25|2024-05-24_2024-06-22|2025-03-20_2025-04-18|2025-04-19_2025-05-18|2025-08-17_2025-09-15
0.0,2,CPI m/m|Core PPI m/m,Bad|Bad,9,6,3,66.7,33.3,2.0,2020-08-13_2020-09-11|2021-05-10_2021-06-08|2021-06-09_2021-07-08|2021-07-09_2021-08-07|2021-12-06_2022-01-04|2022-02-04_2022-03-05|2022-09-02_2022-10-01|2023-09-27_2023-10-26|2024-01-25_2024-02-23
0.0,2,CPI m/m|Core PPI m/m,Neutral|Bad,9,5,4,55.6,44.4,1.25,2020-10-12_2020-11-10|2021-02-09_2021-03-10|2021-08-08_2021-09-06|2022-04-05_2022-05-04|2023-01-30_2023-02-28|2023-07-29_2023-08-27|2024-02-24_2024-03-24|2024-08-22_2024-09-20|2025-07-18_2025-08-16
0.0,2,CPI m/m|Core PPI m/m,Neutral|Good,6,4,2,66.7,33.3,2.0,2020-11-11_2020-12-10|2022-03-06_2022-04-04|2023-03-01_2023-03-30|2024-07-23_2024-08-21|2024-12-20_2025-01-18|2025-06-18_2025-07-17
0.0,2,CPI m/m|Core PPI m/m,Neutral|Neutral,6,4,2,66.7,33.3,2.0,2021-01-10_2021-02-08|2022-12-31_2023-01-29|2023-04-30_2023-05-29|2023-08-28_2023-09-26|2024-10-21_2024-11-19|2024-11-20_2024-12-19
0.0,2,CPI m/m|Core PPI m/m,Good|Bad,5,4,1,80.0,20.0,4.0,2021-09-07_2021-10-06|2022-12-01_2022-12-30|2024-04-24_2024-05-23|2024-06-23_2024-07-22|2026-02-13_2026-03-14
0.0,2,CPI m/m|Core PPI m/m,Bad|Good,8,5,3,62.5,37.5,1.67,2021-10-07_2021-11-05|2021-11-06_2021-12-05|2022-05-05_2022-06-03|2022-06-04_2022-07-03|2022-07-04_2022-08-02|2023-11-26_2023-12-25|2023-12-26_2024-01-24|2025-08-17_2025-09-15
0.0,2,CPI m/m|Core PPI m/m,Bad|Neutral,5,4,1,80.0,20.0,4.0,2022-01-05_2022-02-03|2022-10-02_2022-10-31|2024-03-25_2024-04-23|2024-09-21_2024-10-20|2025-01-19_2025-02-17
0.0,2,CPI m/m|Core PPI m/m,Good|Good,10,7,3,70.0,30.0,2.33,2022-08-03_2022-09-01|2022-11-01_2022-11-30|2023-03-31_2023-04-29|2023-06-29_2023-07-28|2023-10-27_2023-11-25|2024-05-24_2024-06-22|2025-02-18_2025-03-19|2025-03-20_2025-04-18|2025-04-19_2025-05-18|2025-05-19_2025-06-17
0.0,2,CPI m/m|Core PPI m/m,Good|Neutral,1,0,1,0.0,100.0,0.0,2023-05-30_2023-06-28
0.1,2,CPI m/m|Core PPI m/m,Bad|Bad,7,4,3,57.1,42.9,1.33,2020-08-13_2020-09-11|2021-05-10_2021-06-08|2021-06-09_2021-07-08|2021-07-09_2021-08-07|2021-12-06_2022-01-04|2022-02-04_2022-03-05|2022-09-02_2022-10-01
0.1,2,CPI m/m|Core PPI m/m,Neutral|Bad,8,4,4,50.0,50.0,1.0,2020-10-12_2020-11-10|2021-02-09_2021-03-10|2021-08-08_2021-09-06|2022-04-05_2022-05-04|2023-01-30_2023-02-28|2024-01-25_2024-02-23|2025-07-18_2025-08-16|2026-02-13_2026-03-14
0.1,2,CPI m/m|Core PPI m/m,Neutral|Neutral,14,7,7,50.0,50.0,1.0,2020-11-11_2020-12-10|2021-01-10_2021-02-08|2022-01-05_2022-02-03|2022-12-31_2023-01-29|2023-04-30_2023-05-29|2023-05-30_2023-06-28|2023-06-29_2023-07-28|2023-07-29_2023-08-27|2023-08-28_2023-09-26|2024-02-24_2024-03-24|2024-08-22_2024-09-20|2024-09-21_2024-10-20|2024-10-21_2024-11-19|2024-11-20_2024-12-19
0.1,2,CPI m/m|Core PPI m/m,Good|Neutral,1,1,0,100.0,0.0,inf,2021-09-07_2021-10-06
0.1,2,CPI m/m|Core PPI m/m,Bad|Good,2,2,0,100.0,0.0,inf,2021-10-07_2021-11-05|2025-08-17_2025-09-15
0.1,2,CPI m/m|Core PPI m/m,Bad|Neutral,7,5,2,71.4,28.6,2.5,2021-11-06_2021-12-05|2022-06-04_2022-07-03|2022-07-04_2022-08-02|2022-10-02_2022-10-31|2023-09-27_2023-10-26|2024-03-25_2024-04-23|2025-01-19_2025-02-17
0.1,2,CPI m/m|Core PPI m/m,Neutral|Good,14,11,3,78.6,21.4,3.67,2022-03-06_2022-04-04|2022-05-05_2022-06-03|2023-03-01_2023-03-30|2023-03-31_2023-04-29|2023-10-27_2023-11-25|2023-11-26_2023-12-25|2023-12-26_2024-01-24|2024-05-24_2024-06-22|2024-07-23_2024-08-21|2024-12-20_2025-01-18|2025-02-18_2025-03-19|2025-04-19_2025-05-18|2025-05-19_2025-06-17|2025-06-18_2025-07-17
0.1,2,CPI m/m|Core PPI m/m,Good|Good,3,2,1,66.7,33.3,2.0,2022-08-03_2022-09-01|2022-11-01_2022-11-30|2025-03-20_2025-04-18
0.1,2,CPI m/m|Core PPI m/m,Good|Bad,3,3,0,100.0,0.0,inf,2022-12-01_2022-12-30|2024-04-24_2024-05-23|2024-06-23_2024-07-22
0.2,2,CPI m/m|Core PPI m/m,Neutral|Neutral,35,23,12,65.7,34.3,1.92,2020-08-13_2020-09-11|2020-10-12_2020-11-10|2020-11-11_2020-12-10|2021-01-10_2021-02-08|2021-06-09_2021-07-08|2021-09-07_2021-10-06|2022-01-05_2022-02-03|2022-05-05_2022-06-03|2022-07-04_2022-08-02|2022-08-03_2022-09-01|2022-09-02_2022-10-01|2022-10-02_2022-10-31|2022-12-01_2022-12-30|2022-12-31_2023-01-29|2023-01-30_2023-02-28|2023-04-30_2023-05-29|2023-05-30_2023-06-28|2023-06-29_2023-07-28|2023-07-29_2023-08-27|2023-08-28_2023-09-26|2023-09-27_2023-10-26|2023-11-26_2023-12-25|2023-12-26_2024-01-24|2024-02-24_2024-03-24|2024-03-25_2024-04-23|2024-06-23_2024-07-22|2024-07-23_2024-08-21|2024-08-22_2024-09-20|2024-09-21_2024-10-20|2024-10-21_2024-11-19|2024-11-20_2024-12-19|2024-12-20_2025-01-18|2025-01-19_2025-02-17|2025-05-19_2025-06-17|2025-06-18_2025-07-17
0.2,2,CPI m/m|Core PPI m/m,Neutral|Bad,9,6,3,66.7,33.3,2.0,2021-02-09_2021-03-10|2021-08-08_2021-09-06|2021-12-06_2022-01-04|2022-02-04_2022-03-05|2022-04-05_2022-05-04|2024-01-25_2024-02-23|2024-04-24_2024-05-23|2025-07-18_2025-08-16|2026-02-13_2026-03-14
0.2,2,CPI m/m|Core PPI m/m,Bad|Bad,2,1,1,50.0,50.0,1.0,2021-05-10_2021-06-08|2021-07-09_2021-08-07
0.2,2,CPI m/m|Core PPI m/m,Neutral|Good,11,8,3,72.7,27.3,2.67,2021-10-07_2021-11-05|2022-03-06_2022-04-04|2022-11-01_2022-11-30|2023-03-01_2023-03-30|2023-03-31_2023-04-29|2023-10-27_2023-11-25|2024-05-24_2024-06-22|2025-02-18_2025-03-19|2025-03-20_2025-04-18|2025-04-19_2025-05-18|2025-08-17_2025-09-15
0.2,2,CPI m/m|Core PPI m/m,Bad|Neutral,2,1,1,50.0,50.0,1.0,2021-11-06_2021-12-05|2022-06-04_2022-07-03
0.3,2,CPI m/m|Core PPI m/m,Neutral|Neutral,41,29,12,70.7,29.3,2.42,2020-08-13_2020-09-11|2020-10-12_2020-11-10|2020-11-11_2020-12-10|2021-01-10_2021-02-08|2021-06-09_2021-07-08|2021-09-07_2021-10-06|2021-10-07_2021-11-05|2021-12-06_2022-01-04|2022-01-05_2022-02-03|2022-05-05_2022-06-03|2022-07-04_2022-08-02|2022-08-03_2022-09-01|2022-09-02_2022-10-01|2022-10-02_2022-10-31|2022-11-01_2022-11-30|2022-12-01_2022-12-30|2022-12-31_2023-01-29|2023-01-30_2023-02-28|2023-04-30_2023-05-29|2023-05-30_2023-06-28|2023-06-29_2023-07-28|2023-07-29_2023-08-27|2023-08-28_2023-09-26|2023-09-27_2023-10-26|2023-10-27_2023-11-25|2023-11-26_2023-12-25|2023-12-26_2024-01-24|2024-02-24_2024-03-24|2024-03-25_2024-04-23|2024-04-24_2024-05-23|2024-05-24_2024-06-22|2024-06-23_2024-07-22|2024-07-23_2024-08-21|2024-08-22_2024-09-20|2024-09-21_2024-10-20|2024-10-21_2024-11-19|2024-11-20_2024-12-19|2024-12-20_2025-01-18|2025-01-19_2025-02-17|2025-05-19_2025-06-17|2025-06-18_2025-07-17
0.3,2,CPI m/m|Core PPI m/m,Neutral|Bad,7,4,3,57.1,42.9,1.33,2021-02-09_2021-03-10|2021-08-08_2021-09-06|2022-02-04_2022-03-05|2022-04-05_2022-05-04|2024-01-25_2024-02-23|2025-07-18_2025-08-16|2026-02-13_2026-03-14
0.3,2,CPI m/m|Core PPI m/m,Bad|Neutral,3,2,1,66.7,33.3,2.0,2021-05-10_2021-06-08|2021-11-06_2021-12-05|2022-06-04_2022-07-03
0.3,2,CPI m/m|Core PPI m/m,Bad|Bad,1,0,1,0.0,100.0,0.0,2021-07-09_2021-08-07
0.3,2,CPI m/m|Core PPI m/m,Neutral|Good,7,4,3,57.1,42.9,1.33,2022-03-06_2022-04-04|2023-03-01_2023-03-30|2023-03-31_2023-04-29|2025-02-18_2025-03-19|2025-03-20_2025-04-18|2025-04-19_2025-05-18|2025-08-17_2025-09-15
0.0,2,CPI m/m|FOMC,Neutral|Neutral,15,11,4,73.3,26.7,2.75,2020-10-12_2020-11-10|2021-01-10_2021-02-08|2022-03-06_2022-04-04|2022-04-05_2022-05-04|2023-01-30_2023-02-28|2023-03-01_2023-03-30|2023-04-30_2023-05-29|2023-08-28_2023-09-26|2024-02-24_2024-03-24|2024-07-23_2024-08-21|2024-08-22_2024-09-20|2024-10-21_2024-11-19|2024-11-20_2024-12-19|2025-06-18_2025-07-17|2025-07-18_2025-08-16
0.0,2,CPI m/m|FOMC,Bad|Neutral,12,8,4,66.7,33.3,2.0,2021-04-10_2021-05-09|2021-06-09_2021-07-08|2021-07-09_2021-08-07|2021-10-07_2021-11-05|2021-12-06_2022-01-04|2022-01-05_2022-02-03|2022-06-04_2022-07-03|2022-07-04_2022-08-02|2022-09-02_2022-10-01|2023-11-26_2023-12-25|2024-01-25_2024-02-23|2025-01-19_2025-02-17
0.0,2,CPI m/m|FOMC,Good|Neutral,11,8,3,72.7,27.3,2.67,2021-09-07_2021-10-06|2022-11-01_2022-11-30|2022-12-01_2022-12-30|2023-05-30_2023-06-28|2023-06-29_2023-07-28|2023-10-27_2023-11-25|2024-04-24_2024-05-23|2024-05-24_2024-06-22|2025-02-18_2025-03-19|2025-04-19_2025-05-18|2025-10-16_2025-11-14
0.1,2,CPI m/m|FOMC,Neutral|Neutral,25,17,8,68.0,32.0,2.12,2020-10-12_2020-11-10|2021-01-10_2021-02-08|2021-04-10_2021-05-09|2022-01-05_2022-02-03|2022-03-06_2022-04-04|2022-04-05_2022-05-04|2023-01-30_2023-02-28|2023-03-01_2023-03-30|2023-04-30_2023-05-29|2023-05-30_2023-06-28|2023-06-29_2023-07-28|2023-08-28_2023-09-26|2023-10-27_2023-11-25|2023-11-26_2023-12-25|2024-01-25_2024-02-23|2024-02-24_2024-03-24|2024-05-24_2024-06-22|2024-07-23_2024-08-21|2024-08-22_2024-09-20|2024-10-21_2024-11-19|2024-11-20_2024-12-19|2025-02-18_2025-03-19|2025-04-19_2025-05-18|2025-06-18_2025-07-17|2025-07-18_2025-08-16
0.1,2,CPI m/m|FOMC,Bad|Neutral,8,5,3,62.5,37.5,1.67,2021-06-09_2021-07-08|2021-07-09_2021-08-07|2021-10-07_2021-11-05|2021-12-06_2022-01-04|2022-06-04_2022-07-03|2022-07-04_2022-08-02|2022-09-02_2022-10-01|2025-01-19_2025-02-17
0.1,2,CPI m/m|FOMC,Good|Neutral,5,5,0,100.0,0.0,inf,2021-09-07_2021-10-06|2022-11-01_2022-11-30|2022-12-01_2022-12-30|2024-04-24_2024-05-23|2025-10-16_2025-11-14
0.2,2,CPI m/m|FOMC,Neutral|Neutral,36,26,10,72.2,27.8,2.6,2020-10-12_2020-11-10|2021-01-10_2021-02-08|2021-04-10_2021-05-09|2021-06-09_2021-07-08|2021-09-07_2021-10-06|2021-10-07_2021-11-05|2021-12-06_2022-01-04|2022-01-05_2022-02-03|2022-03-06_2022-04-04|2022-04-05_2022-05-04|2022-07-04_2022-08-02|2022-09-02_2022-10-01|2022-11-01_2022-11-30|2022-12-01_2022-12-30|2023-01-30_2023-02-28|2023-03-01_2023-03-30|2023-04-30_2023-05-29|2023-05-30_2023-06-28|2023-06-29_2023-07-28|2023-08-28_2023-09-26|2023-10-27_2023-11-25|2023-11-26_2023-12-25|2024-01-25_2024-02-23|2024-02-24_2024-03-24|2024-04-24_2024-05-23|2024-05-24_2024-06-22|2024-07-23_2024-08-21|2024-08-22_2024-09-20|2024-10-21_2024-11-19|2024-11-20_2024-12-19|2025-01-19_2025-02-17|2025-02-18_2025-03-19|2025-04-19_2025-05-18|2025-06-18_2025-07-17|2025-07-18_2025-08-16|2025-10-16_2025-11-14
0.2,2,CPI m/m|FOMC,Bad|Neutral,2,1,1,50.0,50.0,1.0,2021-07-09_2021-08-07|2022-06-04_2022-07-03
0.3,2,CPI m/m|FOMC,Neutral|Neutral,36,26,10,72.2,27.8,2.6,2020-10-12_2020-11-10|2021-01-10_2021-02-08|2021-04-10_2021-05-09|2021-06-09_2021-07-08|2021-09-07_2021-10-06|2021-10-07_2021-11-05|2021-12-06_2022-01-04|2022-01-05_2022-02-03|2022-03-06_2022-04-04|2022-04-05_2022-05-04|2022-07-04_2022-08-02|2022-09-02_2022-10-01|2022-11-01_2022-11-30|2022-12-01_2022-12-30|2023-01-30_2023-02-28|2023-03-01_2023-03-30|2023-04-30_2023-05-29|2023-05-30_2023-06-28|2023-06-29_2023-07-28|2023-08-28_2023-09-26|2023-10-27_2023-11-25|2023-11-26_2023-12-25|2024-01-25_2024-02-23|2024-02-24_2024-03-24|2024-04-24_2024-05-23|2024-05-24_2024-06-22|2024-07-23_2024-08-21|2024-08-22_2024-09-20|2024-10-21_2024-11-19|2024-11-20_2024-12-19|2025-01-19_2025-02-17|2025-02-18_2025-03-19|2025-04-19_2025-05-18|2025-06-18_2025-07-17|2025-07-18_2025-08-16|2025-10-16_2025-11-14
0.3,2,CPI m/m|FOMC,Bad|Neutral,2,1,1,50.0,50.0,1.0,2021-07-09_2021-08-07|2022-06-04_2022-07-03
0.0,2,CPI m/m|CPI y/y,Bad|Bad,19,13,6,68.4,31.6,2.17,2020-08-13_2020-09-11|2021-04-10_2021-05-09|2021-05-10_2021-06-08|2021-06-09_2021-07-08|2021-07-09_2021-08-07|2021-10-07_2021-11-05|2021-11-06_2021-12-05|2022-02-04_2022-03-05|2022-05-05_2022-06-03|2022-06-04_2022-07-03|2022-07-04_2022-08-02|2022-09-02_2022-10-01|2022-10-02_2022-10-31|2023-09-27_2023-10-26|2023-12-26_2024-01-24|2024-01-25_2024-02-23|2024-03-25_2024-04-23|2024-09-21_2024-10-20|2025-01-19_2025-02-17
0.0,2,CPI m/m|CPI y/y,Neutral|Neutral,10,6,4,60.0,40.0,1.5,2020-10-12_2020-11-10|2021-01-10_2021-02-08|2021-02-09_2021-03-10|2022-03-06_2022-04-04|2022-12-31_2023-01-29|2023-03-01_2023-03-30|2024-08-22_2024-09-20|2024-10-21_2024-11-19|2024-11-20_2024-12-19|2024-12-20_2025-01-18
0.0,2,CPI m/m|CPI y/y,Neutral|Good,6,4,2,66.7,33.3,2.0,2020-11-11_2020-12-10|2023-04-30_2023-05-29|2023-07-29_2023-08-27|2024-07-23_2024-08-21|2025-07-18_2025-08-16|2025-12-15_2026-01-13
0.0,2,CPI m/m|CPI y/y,Neutral|Bad,6,4,2,66.7,33.3,2.0,2021-08-08_2021-09-06|2022-04-05_2022-05-04|2023-01-30_2023-02-28|2023-08-28_2023-09-26|2024-02-24_2024-03-24|2025-06-18_2025-07-17
0.0,2,CPI m/m|CPI y/y,Good|Neutral,2,2,0,100.0,0.0,inf,2021-09-07_2021-10-06|2024-04-24_2024-05-23
0.0,2,CPI m/m|CPI y/y,Bad|Neutral,4,3,1,75.0,25.0,3.0,2021-12-06_2022-01-04|2022-01-05_2022-02-03|2023-11-26_2023-12-25|2025-08-17_2025-09-15
0.0,2,CPI m/m|CPI y/y,Good|Good,15,10,5,66.7,33.3,2.0,2022-08-03_2022-09-01|2022-11-01_2022-11-30|2022-12-01_2022-12-30|2023-03-31_2023-04-29|2023-05-30_2023-06-28|2023-06-29_2023-07-28|2023-10-27_2023-11-25|2024-05-24_2024-06-22|2024-06-23_2024-07-22|2025-02-18_2025-03-19|2025-03-20_2025-04-18|2025-04-19_2025-05-18|2025-05-19_2025-06-17|2025-10-16_2025-11-14|2026-02-13_2026-03-14
0.1,2,CPI m/m|CPI y/y,Bad|Bad,13,8,5,61.5,38.5,1.6,2020-08-13_2020-09-11|2021-05-10_2021-06-08|2021-06-09_2021-07-08|2021-07-09_2021-08-07|2021-10-07_2021-11-05|2021-11-06_2021-12-05|2022-02-04_2022-03-05|2022-06-04_2022-07-03|2022-07-04_2022-08-02|2022-09-02_2022-10-01|2023-09-27_2023-10-26|2024-03-25_2024-04-23|2025-01-19_2025-02-17
0.1,2,CPI m/m|CPI y/y,Neutral|Neutral,20,11,9,55.0,45.0,1.22,2020-10-12_2020-11-10|2020-11-11_2020-12-10|2021-01-10_2021-02-08|2021-02-09_2021-03-10|2022-01-05_2022-02-03|2022-03-06_2022-04-04|2022-04-05_2022-05-04|2022-12-31_2023-01-29|2023-03-01_2023-03-30|2023-03-31_2023-04-29|2023-04-30_2023-05-29|2023-05-30_2023-06-28|2023-07-29_2023-08-27|2023-10-27_2023-11-25|2023-11-26_2023-12-25|2024-08-22_2024-09-20|2024-10-21_2024-11-19|2024-11-20_2024-12-19|2024-12-20_2025-01-18|2025-07-18_2025-08-16
0.1,2,CPI m/m|CPI y/y,Neutral|Bad,10,8,2,80.0,20.0,4.0,2021-04-10_2021-05-09|2021-08-08_2021-09-06|2022-05-05_2022-06-03|2023-01-30_2023-02-28|2023-08-28_2023-09-26|2023-12-26_2024-01-24|2024-01-25_2024-02-23|2024-02-24_2024-03-24|2024-09-21_2024-10-20|2025-06-18_2025-07-17
0.1,2,CPI m/m|CPI y/y,Good|Neutral,2,2,0,100.0,0.0,inf,2021-09-07_2021-10-06|2024-04-24_2024-05-23
0.1,2,CPI m/m|CPI y/y,Bad|Neutral,3,3,0,100.0,0.0,inf,2021-12-06_2022-01-04|2022-10-02_2022-10-31|2025-08-17_2025-09-15
0.1,2,CPI m/m|CPI y/y,Good|Good,6,5,1,83.3,16.7,5.0,2022-08-03_2022-09-01|2022-11-01_2022-11-30|2022-12-01_2022-12-30|2024-06-23_2024-07-22|2025-03-20_2025-04-18|2025-10-16_2025-11-14
0.1,2,CPI m/m|CPI y/y,Neutral|Good,8,5,3,62.5,37.5,1.67,2023-06-29_2023-07-28|2024-05-24_2024-06-22|2024-07-23_2024-08-21|2025-02-18_2025-03-19|2025-04-19_2025-05-18|2025-05-19_2025-06-17|2025-12-15_2026-01-13|2026-02-13_2026-03-14
0.2,2,CPI m/m|CPI y/y,Neutral|Neutral,49,34,15,69.4,30.6,2.27,2020-08-13_2020-09-11|2020-10-12_2020-11-10|2020-11-11_2020-12-10|2021-01-10_2021-02-08|2021-02-09_2021-03-10|2021-04-10_2021-05-09|2021-08-08_2021-09-06|2021-09-07_2021-10-06|2021-10-07_2021-11-05|2021-12-06_2022-01-04|2022-01-05_2022-02-03|2022-03-06_2022-04-04|2022-04-05_2022-05-04|2022-08-03_2022-09-01|2022-10-02_2022-10-31|2022-12-31_2023-01-29|2023-03-01_2023-03-30|2023-03-31_2023-04-29|2023-04-30_2023-05-29|2023-05-30_2023-06-28|2023-06-29_2023-07-28|2023-07-29_2023-08-27|2023-08-28_2023-09-26|2023-09-27_2023-10-26|2023-10-27_2023-11-25|2023-11-26_2023-12-25|2023-12-26_2024-01-24|2024-02-24_2024-03-24|2024-03-25_2024-04-23|2024-04-24_2024-05-23|2024-05-24_2024-06-22|2024-06-23_2024-07-22|2024-07-23_2024-08-21|2024-08-22_2024-09-20|2024-09-21_2024-10-20|2024-10-21_2024-11-19|2024-11-20_2024-12-19|2024-12-20_2025-01-18|2025-01-19_2025-02-17|2025-02-18_2025-03-19|2025-03-20_2025-04-18|2025-04-19_2025-05-18|2025-05-19_2025-06-17|2025-06-18_2025-07-17|2025-07-18_2025-08-16|2025-08-17_2025-09-15|2025-10-16_2025-11-14|2025-12-15_2026-01-13|2026-02-13_2026-03-14
0.2,2,CPI m/m|CPI y/y,Bad|Bad,4,2,2,50.0,50.0,1.0,2021-05-10_2021-06-08|2021-07-09_2021-08-07|2021-11-06_2021-12-05|2022-06-04_2022-07-03
0.2,2,CPI m/m|CPI y/y,Neutral|Bad,7,4,3,57.1,42.9,1.33,2021-06-09_2021-07-08|2022-02-04_2022-03-05|2022-05-05_2022-06-03|2022-07-04_2022-08-02|2022-09-02_2022-10-01|2023-01-30_2023-02-28|2024-01-25_2024-02-23
0.2,2,CPI m/m|CPI y/y,Neutral|Good,2,2,0,100.0,0.0,inf,2022-11-01_2022-11-30|2022-12-01_2022-12-30
0.3,2,CPI m/m|CPI y/y,Neutral|Neutral,57,40,17,70.2,29.8,2.35,2020-08-13_2020-09-11|2020-10-12_2020-11-10|2020-11-11_2020-12-10|2021-01-10_2021-02-08|2021-02-09_2021-03-10|2021-04-10_2021-05-09|2021-06-09_2021-07-08|2021-08-08_2021-09-06|2021-09-07_2021-10-06|2021-10-07_2021-11-05|2021-12-06_2022-01-04|2022-01-05_2022-02-03|2022-02-04_2022-03-05|2022-03-06_2022-04-04|2022-04-05_2022-05-04|2022-05-05_2022-06-03|2022-08-03_2022-09-01|2022-09-02_2022-10-01|2022-10-02_2022-10-31|2022-11-01_2022-11-30|2022-12-01_2022-12-30|2022-12-31_2023-01-29|2023-01-30_2023-02-28|2023-03-01_2023-03-30|2023-03-31_2023-04-29|2023-04-30_2023-05-29|2023-05-30_2023-06-28|2023-06-29_2023-07-28|2023-07-29_2023-08-27|2023-08-28_2023-09-26|2023-09-27_2023-10-26|2023-10-27_2023-11-25|2023-11-26_2023-12-25|2023-12-26_2024-01-24|2024-01-25_2024-02-23|2024-02-24_2024-03-24|2024-03-25_2024-04-23|2024-04-24_2024-05-23|2024-05-24_2024-06-22|2024-06-23_2024-07-22|2024-07-23_2024-08-21|2024-08-22_2024-09-20|2024-09-21_2024-10-20|2024-10-21_2024-11-19|2024-11-20_2024-12-19|2024-12-20_2025-01-18|2025-01-19_2025-02-17|2025-02-18_2025-03-19|2025-03-20_2025-04-18|2025-04-19_2025-05-18|2025-05-19_2025-06-17|2025-06-18_2025-07-17|2025-07-18_2025-08-16|2025-08-17_2025-09-15|2025-10-16_2025-11-14|2025-12-15_2026-01-13|2026-02-13_2026-03-14
0.3,2,CPI m/m|CPI y/y,Bad|Bad,2,1,1,50.0,50.0,1.0,2021-05-10_2021-06-08|2021-07-09_2021-08-07
0.3,2,CPI m/m|CPI y/y,Bad|Neutral,2,1,1,50.0,50.0,1.0,2021-11-06_2021-12-05|2022-06-04_2022-07-03
0.3,2,CPI m/m|CPI y/y,Neutral|Bad,1,0,1,0.0,100.0,0.0,2022-07-04_2022-08-02
0.0,2,Core CPI m/m|PPI m/m,Bad|Bad,12,9,3,75.0,25.0,3.0,2020-08-13_2020-09-11|2021-05-10_2021-06-08|2021-06-09_2021-07-08|2021-07-09_2021-08-07|2022-02-04_2022-03-05|2022-07-04_2022-08-02|2022-10-02_2022-10-31|2023-08-28_2023-09-26|2024-01-25_2024-02-23|2024-02-24_2024-03-24|2024-08-22_2024-09-20|2025-01-19_2025-02-17
0.0,2,Core CPI m/m|PPI m/m,Neutral|Bad,9,6,3,66.7,33.3,2.0,2020-10-12_2020-11-10|2021-12-06_2022-01-04|2023-01-30_2023-02-28|2023-07-29_2023-08-27|2023-09-27_2023-10-26|2024-04-24_2024-05-23|2024-11-20_2024-12-19|2025-07-18_2025-08-16|2026-02-13_2026-03-14
0.0,2,Core CPI m/m|PPI m/m,Good|Bad,7,4,3,57.1,42.9,1.33,2020-11-11_2020-12-10|2021-02-09_2021-03-10|2021-08-08_2021-09-06|2021-09-07_2021-10-06|2022-04-05_2022-05-04|2022-12-01_2022-12-30|2024-06-23_2024-07-22
0.0,2,Core CPI m/m|PPI m/m,Neutral|Good,9,5,4,55.6,44.4,1.25,2021-01-10_2021-02-08|2021-10-07_2021-11-05|2022-03-06_2022-04-04|2022-12-31_2023-01-29|2023-03-31_2023-04-29|2023-05-30_2023-06-28|2023-12-26_2024-01-24|2024-07-23_2024-08-21|2025-08-17_2025-09-15
0.0,2,Core CPI m/m|PPI m/m,Bad|Neutral,4,2,2,50.0,50.0,1.0,2021-11-06_2021-12-05|2022-05-05_2022-06-03|2022-06-04_2022-07-03|2022-09-02_2022-10-01
0.0,2,Core CPI m/m|PPI m/m,Bad|Good,5,4,1,80.0,20.0,4.0,2022-01-05_2022-02-03|2023-03-01_2023-03-30|2023-04-30_2023-05-29|2024-03-25_2024-04-23|2024-09-21_2024-10-20
0.0,2,Core CPI m/m|PPI m/m,Good|Good,11,8,3,72.7,27.3,2.67,2022-08-03_2022-09-01|2022-11-01_2022-11-30|2023-06-29_2023-07-28|2023-10-27_2023-11-25|2024-05-24_2024-06-22|2024-12-20_2025-01-18|2025-02-18_2025-03-19|2025-03-20_2025-04-18|2025-04-19_2025-05-18|2025-05-19_2025-06-17|2025-06-18_2025-07-17
0.0,2,Core CPI m/m|PPI m/m,Neutral|Neutral,2,1,1,50.0,50.0,1.0,2023-11-26_2023-12-25|2024-10-21_2024-11-19
0.1,2,Core CPI m/m|PPI m/m,Bad|Neutral,6,3,3,50.0,50.0,1.0,2020-08-13_2020-09-11|2021-11-06_2021-12-05|2022-05-05_2022-06-03|2022-09-02_2022-10-01|2023-04-30_2023-05-29|2024-03-25_2024-04-23
0.1,2,Core CPI m/m|PPI m/m,Neutral|Bad,10,8,2,80.0,20.0,4.0,2020-10-12_2020-11-10|2021-12-06_2022-01-04|2022-02-04_2022-03-05|2023-01-30_2023-02-28|2023-08-28_2023-09-26|2023-09-27_2023-10-26|2024-04-24_2024-05-23|2024-11-20_2024-12-19|2025-07-18_2025-08-16|2026-02-13_2026-03-14
0.1,2,Core CPI m/m|PPI m/m,Neutral|Neutral,12,8,4,66.7,33.3,2.0,2020-11-11_2020-12-10|2021-10-07_2021-11-05|2022-06-04_2022-07-03|2022-12-01_2022-12-30|2023-06-29_2023-07-28|2023-07-29_2023-08-27|2023-11-26_2023-12-25|2024-06-23_2024-07-22|2024-07-23_2024-08-21|2024-08-22_2024-09-20|2024-09-21_2024-10-20|2024-10-21_2024-11-19
0.1,2,Core CPI m/m|PPI m/m,Neutral|Good,15,9,6,60.0,40.0,1.5,2021-01-10_2021-02-08|2022-01-05_2022-02-03|2022-03-06_2022-04-04|2022-12-31_2023-01-29|2023-03-01_2023-03-30|2023-03-31_2023-04-29|2023-05-30_2023-06-28|2023-10-27_2023-11-25|2023-12-26_2024-01-24|2024-05-24_2024-06-22|2024-12-20_2025-01-18|2025-02-18_2025-03-19|2025-04-19_2025-05-18|2025-06-18_2025-07-17|2025-08-17_2025-09-15
0.1,2,Core CPI m/m|PPI m/m,Good|Bad,3,1,2,33.3,66.7,0.5,2021-02-09_2021-03-10|2021-08-08_2021-09-06|2022-04-05_2022-05-04
0.1,2,Core CPI m/m|PPI m/m,Bad|Bad,8,6,2,75.0,25.0,3.0,2021-05-10_2021-06-08|2021-06-09_2021-07-08|2021-07-09_2021-08-07|2022-07-04_2022-08-02|2022-10-02_2022-10-31|2024-01-25_2024-02-23|2024-02-24_2024-03-24|2025-01-19_2025-02-17
0.1,2,Core CPI m/m|PPI m/m,Good|Neutral,2,2,0,100.0,0.0,inf,2021-09-07_2021-10-06|2025-05-19_2025-06-17
0.1,2,Core CPI m/m|PPI m/m,Good|Good,3,2,1,66.7,33.3,2.0,2022-08-03_2022-09-01|2022-11-01_2022-11-30|2025-03-20_2025-04-18
0.2,2,Core CPI m/m|PPI m/m,Neutral|Neutral,35,24,11,68.6,31.4,2.18,2020-08-13_2020-09-11|2020-10-12_2020-11-10|2020-11-11_2020-12-10|2021-01-10_2021-02-08|2021-09-07_2021-10-06|2021-10-07_2021-11-05|2021-11-06_2021-12-05|2022-01-05_2022-02-03|2022-03-06_2022-04-04|2022-05-05_2022-06-03|2022-06-04_2022-07-03|2022-10-02_2022-10-31|2022-11-01_2022-11-30|2022-12-01_2022-12-30|2023-04-30_2023-05-29|2023-05-30_2023-06-28|2023-06-29_2023-07-28|2023-07-29_2023-08-27|2023-09-27_2023-10-26|2023-11-26_2023-12-25|2023-12-26_2024-01-24|2024-01-25_2024-02-23|2024-03-25_2024-04-23|2024-04-24_2024-05-23|2024-06-23_2024-07-22|2024-07-23_2024-08-21|2024-08-22_2024-09-20|2024-09-21_2024-10-20|2024-10-21_2024-11-19|2024-11-20_2024-12-19|2024-12-20_2025-01-18|2025-01-19_2025-02-17|2025-05-19_2025-06-17|2025-06-18_2025-07-17|2026-02-13_2026-03-14
0.2,2,Core CPI m/m|PPI m/m,Neutral|Bad,11,7,4,63.6,36.4,1.75,2021-02-09_2021-03-10|2021-06-09_2021-07-08|2021-08-08_2021-09-06|2021-12-06_2022-01-04|2022-02-04_2022-03-05|2022-04-05_2022-05-04|2022-07-04_2022-08-02|2023-01-30_2023-02-28|2023-08-28_2023-09-26|2024-02-24_2024-03-24|2025-07-18_2025-08-16
0.2,2,Core CPI m/m|PPI m/m,Bad|Bad,2,1,1,50.0,50.0,1.0,2021-05-10_2021-06-08|2021-07-09_2021-08-07
0.2,2,Core CPI m/m|PPI m/m,Neutral|Good,10,7,3,70.0,30.0,2.33,2022-08-03_2022-09-01|2022-12-31_2023-01-29|2023-03-01_2023-03-30|2023-03-31_2023-04-29|2023-10-27_2023-11-25|2024-05-24_2024-06-22|2025-02-18_2025-03-19|2025-03-20_2025-04-18|2025-04-19_2025-05-18|2025-08-17_2025-09-15
0.2,2,Core CPI m/m|PPI m/m,Bad|Neutral,1,0,1,0.0,100.0,0.0,2022-09-02_2022-10-01
0.3,2,Core CPI m/m|PPI m/m,Neutral|Neutral,41,27,14,65.9,34.1,1.93,2020-08-13_2020-09-11|2020-10-12_2020-11-10|2020-11-11_2020-12-10|2021-01-10_2021-02-08|2021-09-07_2021-10-06|2021-10-07_2021-11-05|2021-11-06_2021-12-05|2022-01-05_2022-02-03|2022-03-06_2022-04-04|2022-04-05_2022-05-04|2022-05-05_2022-06-03|2022-06-04_2022-07-03|2022-09-02_2022-10-01|2022-10-02_2022-10-31|2022-11-01_2022-11-30|2022-12-01_2022-12-30|2023-01-30_2023-02-28|2023-04-30_2023-05-29|2023-05-30_2023-06-28|2023-06-29_2023-07-28|2023-07-29_2023-08-27|2023-08-28_2023-09-26|2023-09-27_2023-10-26|2023-11-26_2023-12-25|2023-12-26_2024-01-24|2024-01-25_2024-02-23|2024-02-24_2024-03-24|2024-03-25_2024-04-23|2024-04-24_2024-05-23|2024-06-23_2024-07-22|2024-07-23_2024-08-21|2024-08-22_2024-09-20|2024-09-21_2024-10-20|2024-10-21_2024-11-19|2024-11-20_2024-12-19|2024-12-20_2025-01-18|2025-01-19_2025-02-17|2025-02-18_2025-03-19|2025-05-19_2025-06-17|2025-06-18_2025-07-17|2026-02-13_2026-03-14
0.3,2,Core CPI m/m|PPI m/m,Neutral|Bad,7,5,2,71.4,28.6,2.5,2021-02-09_2021-03-10|2021-06-09_2021-07-08|2021-08-08_2021-09-06|2021-12-06_2022-01-04|2022-02-04_2022-03-05|2022-07-04_2022-08-02|2025-07-18_2025-08-16
0.3,2,Core CPI m/m|PPI m/m,Bad|Neutral,1,1,0,100.0,0.0,inf,2021-05-10_2021-06-08
0.3,2,Core CPI m/m|PPI m/m,Bad|Bad,1,0,1,0.0,100.0,0.0,2021-07-09_2021-08-07
0.3,2,Core CPI m/m|PPI m/m,Neutral|Good,9,6,3,66.7,33.3,2.0,2022-08-03_2022-09-01|2022-12-31_2023-01-29|2023-03-01_2023-03-30|2023-03-31_2023-04-29|2023-10-27_2023-11-25|2024-05-24_2024-06-22|2025-03-20_2025-04-18|2025-04-19_2025-05-18|2025-08-17_2025-09-15
0.0,2,Core CPI m/m|Core PPI m/m,Bad|Bad,9,6,3,66.7,33.3,2.0,2020-08-13_2020-09-11|2021-05-10_2021-06-08|2021-06-09_2021-07-08|2021-07-09_2021-08-07|2022-02-04_2022-03-05|2022-09-02_2022-10-01|2024-01-25_2024-02-23|2024-02-24_2024-03-24|2024-08-22_2024-09-20
0.0,2,Core CPI m/m|Core PPI m/m,Neutral|Bad,8,5,3,62.5,37.5,1.67,2020-10-12_2020-11-10|2021-12-06_2022-01-04|2023-01-30_2023-02-28|2023-07-29_2023-08-27|2023-09-27_2023-10-26|2024-04-24_2024-05-23|2025-07-18_2025-08-16|2026-02-13_2026-03-14
0.0,2,Core CPI m/m|Core PPI m/m,Good|Good,12,8,4,66.7,33.3,2.0,2020-11-11_2020-12-10|2022-08-03_2022-09-01|2022-11-01_2022-11-30|2023-06-29_2023-07-28|2023-10-27_2023-11-25|2024-05-24_2024-06-22|2024-12-20_2025-01-18|2025-02-18_2025-03-19|2025-03-20_2025-04-18|2025-04-19_2025-05-18|2025-05-19_2025-06-17|2025-06-18_2025-07-17
0.0,2,Core CPI m/m|Core PPI m/m,Neutral|Neutral,5,2,3,40.0,60.0,0.67,2021-01-10_2021-02-08|2022-12-31_2023-01-29|2023-05-30_2023-06-28|2024-10-21_2024-11-19|2024-11-20_2024-12-19
0.0,2,Core CPI m/m|Core PPI m/m,Good|Bad,6,4,2,66.7,33.3,2.0,2021-02-09_2021-03-10|2021-08-08_2021-09-06|2021-09-07_2021-10-06|2022-04-05_2022-05-04|2022-12-01_2022-12-30|2024-06-23_2024-07-22
0.0,2,Core CPI m/m|Core PPI m/m,Neutral|Good,7,5,2,71.4,28.6,2.5,2021-10-07_2021-11-05|2022-03-06_2022-04-04|2023-03-31_2023-04-29|2023-11-26_2023-12-25|2023-12-26_2024-01-24|2024-07-23_2024-08-21|2025-08-17_2025-09-15
0.0,2,Core CPI m/m|Core PPI m/m,Bad|Good,5,3,2,60.0,40.0,1.5,2021-11-06_2021-12-05|2022-05-05_2022-06-03|2022-06-04_2022-07-03|2022-07-04_2022-08-02|2023-03-01_2023-03-30
0.0,2,Core CPI m/m|Core PPI m/m,Bad|Neutral,7,6,1,85.7,14.3,6.0,2022-01-05_2022-02-03|2022-10-02_2022-10-31|2023-04-30_2023-05-29|2023-08-28_2023-09-26|2024-03-25_2024-04-23|2024-09-21_2024-10-20|2025-01-19_2025-02-17
0.1,2,Core CPI m/m|Core PPI m/m,Bad|Bad,6,3,3,50.0,50.0,1.0,2020-08-13_2020-09-11|2021-05-10_2021-06-08|2021-06-09_2021-07-08|2021-07-09_2021-08-07|2022-09-02_2022-10-01|2024-01-25_2024-02-23
0.1,2,Core CPI m/m|Core PPI m/m,Neutral|Bad,9,7,2,77.8,22.2,3.5,2020-10-12_2020-11-10|2021-12-06_2022-01-04|2022-02-04_2022-03-05|2022-12-01_2022-12-30|2023-01-30_2023-02-28|2024-04-24_2024-05-23|2024-06-23_2024-07-22|2025-07-18_2025-08-16|2026-02-13_2026-03-14
0.1,2,Core CPI m/m|Core PPI m/m,Neutral|Neutral,14,7,7,50.0,50.0,1.0,2020-11-11_2020-12-10|2021-01-10_2021-02-08|2022-01-05_2022-02-03|2022-06-04_2022-07-03|2022-12-31_2023-01-29|2023-05-30_2023-06-28|2023-06-29_2023-07-28|2023-07-29_2023-08-27|2023-08-28_2023-09-26|2023-09-27_2023-10-26|2024-08-22_2024-09-20|2024-09-21_2024-10-20|2024-10-21_2024-11-19|2024-11-20_2024-12-19
0.1,2,Core CPI m/m|Core PPI m/m,Good|Bad,3,1,2,33.3,66.7,0.5,2021-02-09_2021-03-10|2021-08-08_2021-09-06|2022-04-05_2022-05-04
0.1,2,Core CPI m/m|Core PPI m/m,Good|Neutral,1,1,0,100.0,0.0,inf,2021-09-07_2021-10-06
0.1,2,Core CPI m/m|Core PPI m/m,Neutral|Good,14,11,3,78.6,21.4,3.67,2021-10-07_2021-11-05|2022-03-06_2022-04-04|2023-03-01_2023-03-30|2023-03-31_2023-04-29|2023-10-27_2023-11-25|2023-11-26_2023-12-25|2023-12-26_2024-01-24|2024-05-24_2024-06-22|2024-07-23_2024-08-21|2024-12-20_2025-01-18|2025-02-18_2025-03-19|2025-04-19_2025-05-18|2025-06-18_2025-07-17|2025-08-17_2025-09-15
0.1,2,Core CPI m/m|Core PPI m/m,Bad|Neutral,7,5,2,71.4,28.6,2.5,2021-11-06_2021-12-05|2022-07-04_2022-08-02|2022-10-02_2022-10-31|2023-04-30_2023-05-29|2024-02-24_2024-03-24|2024-03-25_2024-04-23|2025-01-19_2025-02-17
0.1,2,Core CPI m/m|Core PPI m/m,Bad|Good,1,1,0,100.0,0.0,inf,2022-05-05_2022-06-03
0.1,2,Core CPI m/m|Core PPI m/m,Good|Good,4,3,1,75.0,25.0,3.0,2022-08-03_2022-09-01|2022-11-01_2022-11-30|2025-03-20_2025-04-18|2025-05-19_2025-06-17
0.2,2,Core CPI m/m|Core PPI m/m,Neutral|Neutral,36,24,12,66.7,33.3,2.0,2020-08-13_2020-09-11|2020-10-12_2020-11-10|2020-11-11_2020-12-10|2021-01-10_2021-02-08|2021-06-09_2021-07-08|2021-09-07_2021-10-06|2021-11-06_2021-12-05|2022-01-05_2022-02-03|2022-05-05_2022-06-03|2022-06-04_2022-07-03|2022-07-04_2022-08-02|2022-08-03_2022-09-01|2022-10-02_2022-10-31|2022-12-01_2022-12-30|2022-12-31_2023-01-29|2023-01-30_2023-02-28|2023-04-30_2023-05-29|2023-05-30_2023-06-28|2023-06-29_2023-07-28|2023-07-29_2023-08-27|2023-08-28_2023-09-26|2023-09-27_2023-10-26|2023-11-26_2023-12-25|2023-12-26_2024-01-24|2024-02-24_2024-03-24|2024-03-25_2024-04-23|2024-06-23_2024-07-22|2024-07-23_2024-08-21|2024-08-22_2024-09-20|2024-09-21_2024-10-20|2024-10-21_2024-11-19|2024-11-20_2024-12-19|2024-12-20_2025-01-18|2025-01-19_2025-02-17|2025-05-19_2025-06-17|2025-06-18_2025-07-17
0.2,2,Core CPI m/m|Core PPI m/m,Neutral|Bad,9,6,3,66.7,33.3,2.0,2021-02-09_2021-03-10|2021-08-08_2021-09-06|2021-12-06_2022-01-04|2022-02-04_2022-03-05|2022-04-05_2022-05-04|2024-01-25_2024-02-23|2024-04-24_2024-05-23|2025-07-18_2025-08-16|2026-02-13_2026-03-14
0.2,2,Core CPI m/m|Core PPI m/m,Bad|Bad,2,1,1,50.0,50.0,1.0,2021-05-10_2021-06-08|2021-07-09_2021-08-07
0.2,2,Core CPI m/m|Core PPI m/m,Neutral|Good,11,8,3,72.7,27.3,2.67,2021-10-07_2021-11-05|2022-03-06_2022-04-04|2022-11-01_2022-11-30|2023-03-01_2023-03-30|2023-03-31_2023-04-29|2023-10-27_2023-11-25|2024-05-24_2024-06-22|2025-02-18_2025-03-19|2025-03-20_2025-04-18|2025-04-19_2025-05-18|2025-08-17_2025-09-15
0.2,2,Core CPI m/m|Core PPI m/m,Bad|Neutral,1,0,1,0.0,100.0,0.0,2022-09-02_2022-10-01
0.3,2,Core CPI m/m|Core PPI m/m,Neutral|Neutral,43,30,13,69.8,30.2,2.31,2020-08-13_2020-09-11|2020-10-12_2020-11-10|2020-11-11_2020-12-10|2021-01-10_2021-02-08|2021-06-09_2021-07-08|2021-09-07_2021-10-06|2021-10-07_2021-11-05|2021-11-06_2021-12-05|2021-12-06_2022-01-04|2022-01-05_2022-02-03|2022-05-05_2022-06-03|2022-06-04_2022-07-03|2022-07-04_2022-08-02|2022-08-03_2022-09-01|2022-09-02_2022-10-01|2022-10-02_2022-10-31|2022-11-01_2022-11-30|2022-12-01_2022-12-30|2022-12-31_2023-01-29|2023-01-30_2023-02-28|2023-04-30_2023-05-29|2023-05-30_2023-06-28|2023-06-29_2023-07-28|2023-07-29_2023-08-27|2023-08-28_2023-09-26|2023-09-27_2023-10-26|2023-10-27_2023-11-25|2023-11-26_2023-12-25|2023-12-26_2024-01-24|2024-02-24_2024-03-24|2024-03-25_2024-04-23|2024-04-24_2024-05-23|2024-05-24_2024-06-22|2024-06-23_2024-07-22|2024-07-23_2024-08-21|2024-08-22_2024-09-20|2024-09-21_2024-10-20|2024-10-21_2024-11-19|2024-11-20_2024-12-19|2024-12-20_2025-01-18|2025-01-19_2025-02-17|2025-05-19_2025-06-17|2025-06-18_2025-07-17
0.3,2,Core CPI m/m|Core PPI m/m,Neutral|Bad,7,4,3,57.1,42.9,1.33,2021-02-09_2021-03-10|2021-08-08_2021-09-06|2022-02-04_2022-03-05|2022-04-05_2022-05-04|2024-01-25_2024-02-23|2025-07-18_2025-08-16|2026-02-13_2026-03-14
0.3,2,Core CPI m/m|Core PPI m/m,Bad|Neutral,1,1,0,100.0,0.0,inf,2021-05-10_2021-06-08
0.3,2,Core CPI m/m|Core PPI m/m,Bad|Bad,1,0,1,0.0,100.0,0.0,2021-07-09_2021-08-07
0.3,2,Core CPI m/m|Core PPI m/m,Neutral|Good,7,4,3,57.1,42.9,1.33,2022-03-06_2022-04-04|2023-03-01_2023-03-30|2023-03-31_2023-04-29|2025-02-18_2025-03-19|2025-03-20_2025-04-18|2025-04-19_2025-05-18|2025-08-17_2025-09-15
0.0,2,Core CPI m/m|FOMC,Neutral|Neutral,13,9,4,69.2,30.8,2.25,2020-10-12_2020-11-10|2021-01-10_2021-02-08|2021-10-07_2021-11-05|2021-12-06_2022-01-04|2022-03-06_2022-04-04|2023-01-30_2023-02-28|2023-05-30_2023-06-28|2023-11-26_2023-12-25|2024-04-24_2024-05-23|2024-07-23_2024-08-21|2024-10-21_2024-11-19|2024-11-20_2024-12-19|2025-07-18_2025-08-16
0.0,2,Core CPI m/m|FOMC,Bad|Neutral,14,10,4,71.4,28.6,2.5,2021-04-10_2021-05-09|2021-06-09_2021-07-08|2021-07-09_2021-08-07|2022-01-05_2022-02-03|2022-06-04_2022-07-03|2022-07-04_2022-08-02|2022-09-02_2022-10-01|2023-03-01_2023-03-30|2023-04-30_2023-05-29|2023-08-28_2023-09-26|2024-01-25_2024-02-23|2024-02-24_2024-03-24|2024-08-22_2024-09-20|2025-01-19_2025-02-17
0.0,2,Core CPI m/m|FOMC,Good|Neutral,11,8,3,72.7,27.3,2.67,2021-09-07_2021-10-06|2022-04-05_2022-05-04|2022-11-01_2022-11-30|2022-12-01_2022-12-30|2023-06-29_2023-07-28|2023-10-27_2023-11-25|2024-05-24_2024-06-22|2025-02-18_2025-03-19|2025-04-19_2025-05-18|2025-06-18_2025-07-17|2025-10-16_2025-11-14
0.1,2,Core CPI m/m|FOMC,Neutral|Neutral,27,20,7,74.1,25.9,2.86,2020-10-12_2020-11-10|2021-01-10_2021-02-08|2021-04-10_2021-05-09|2021-10-07_2021-11-05|2021-12-06_2022-01-04|2022-01-05_2022-02-03|2022-03-06_2022-04-04|2022-06-04_2022-07-03|2022-12-01_2022-12-30|2023-01-30_2023-02-28|2023-03-01_2023-03-30|2023-05-30_2023-06-28|2023-06-29_2023-07-28|2023-08-28_2023-09-26|2023-10-27_2023-11-25|2023-11-26_2023-12-25|2024-04-24_2024-05-23|2024-05-24_2024-06-22|2024-07-23_2024-08-21|2024-08-22_2024-09-20|2024-10-21_2024-11-19|2024-11-20_2024-12-19|2025-02-18_2025-03-19|2025-04-19_2025-05-18|2025-06-18_2025-07-17|2025-07-18_2025-08-16|2025-10-16_2025-11-14
0.1,2,Core CPI m/m|FOMC,Bad|Neutral,8,5,3,62.5,37.5,1.67,2021-06-09_2021-07-08|2021-07-09_2021-08-07|2022-07-04_2022-08-02|2022-09-02_2022-10-01|2023-04-30_2023-05-29|2024-01-25_2024-02-23|2024-02-24_2024-03-24|2025-01-19_2025-02-17
0.1,2,Core CPI m/m|FOMC,Good|Neutral,3,2,1,66.7,33.3,2.0,2021-09-07_2021-10-06|2022-04-05_2022-05-04|2022-11-01_2022-11-30
0.2,2,Core CPI m/m|FOMC,Neutral|Neutral,36,27,9,75.0,25.0,3.0,2020-10-12_2020-11-10|2021-01-10_2021-02-08|2021-04-10_2021-05-09|2021-06-09_2021-07-08|2021-09-07_2021-10-06|2021-10-07_2021-11-05|2021-12-06_2022-01-04|2022-01-05_2022-02-03|2022-03-06_2022-04-04|2022-04-05_2022-05-04|2022-06-04_2022-07-03|2022-07-04_2022-08-02|2022-11-01_2022-11-30|2022-12-01_2022-12-30|2023-01-30_2023-02-28|2023-03-01_2023-03-30|2023-04-30_2023-05-29|2023-05-30_2023-06-28|2023-06-29_2023-07-28|2023-08-28_2023-09-26|2023-10-27_2023-11-25|2023-11-26_2023-12-25|2024-01-25_2024-02-23|2024-02-24_2024-03-24|2024-04-24_2024-05-23|2024-05-24_2024-06-22|2024-07-23_2024-08-21|2024-08-22_2024-09-20|2024-10-21_2024-11-19|2024-11-20_2024-12-19|2025-01-19_2025-02-17|2025-02-18_2025-03-19|2025-04-19_2025-05-18|2025-06-18_2025-07-17|2025-07-18_2025-08-16|2025-10-16_2025-11-14
0.2,2,Core CPI m/m|FOMC,Bad|Neutral,2,0,2,0.0,100.0,0.0,2021-07-09_2021-08-07|2022-09-02_2022-10-01
0.3,2,Core CPI m/m|FOMC,Neutral|Neutral,37,27,10,73.0,27.0,2.7,2020-10-12_2020-11-10|2021-01-10_2021-02-08|2021-04-10_2021-05-09|2021-06-09_2021-07-08|2021-09-07_2021-10-06|2021-10-07_2021-11-05|2021-12-06_2022-01-04|2022-01-05_2022-02-03|2022-03-06_2022-04-04|2022-04-05_2022-05-04|2022-06-04_2022-07-03|2022-07-04_2022-08-02|2022-09-02_2022-10-01|2022-11-01_2022-11-30|2022-12-01_2022-12-30|2023-01-30_2023-02-28|2023-03-01_2023-03-30|2023-04-30_2023-05-29|2023-05-30_2023-06-28|2023-06-29_2023-07-28|2023-08-28_2023-09-26|2023-10-27_2023-11-25|2023-11-26_2023-12-25|2024-01-25_2024-02-23|2024-02-24_2024-03-24|2024-04-24_2024-05-23|2024-05-24_2024-06-22|2024-07-23_2024-08-21|2024-08-22_2024-09-20|2024-10-21_2024-11-19|2024-11-20_2024-12-19|2025-01-19_2025-02-17|2025-02-18_2025-03-19|2025-04-19_2025-05-18|2025-06-18_2025-07-17|2025-07-18_2025-08-16|2025-10-16_2025-11-14
0.3,2,Core CPI m/m|FOMC,Bad|Neutral,1,0,1,0.0,100.0,0.0,2021-07-09_2021-08-07
0.0,2,Core CPI m/m|CPI y/y,Bad|Bad,18,13,5,72.2,27.8,2.6,2020-08-13_2020-09-11|2021-04-10_2021-05-09|2021-05-10_2021-06-08|2021-06-09_2021-07-08|2021-07-09_2021-08-07|2021-11-06_2021-12-05|2022-02-04_2022-03-05|2022-05-05_2022-06-03|2022-06-04_2022-07-03|2022-07-04_2022-08-02|2022-09-02_2022-10-01|2022-10-02_2022-10-31|2023-08-28_2023-09-26|2024-01-25_2024-02-23|2024-02-24_2024-03-24|2024-03-25_2024-04-23|2024-09-21_2024-10-20|2025-01-19_2025-02-17
0.0,2,Core CPI m/m|CPI y/y,Neutral|Neutral,10,7,3,70.0,30.0,2.33,2020-10-12_2020-11-10|2021-01-10_2021-02-08|2021-12-06_2022-01-04|2022-03-06_2022-04-04|2022-12-31_2023-01-29|2023-11-26_2023-12-25|2024-04-24_2024-05-23|2024-10-21_2024-11-19|2024-11-20_2024-12-19|2025-08-17_2025-09-15
0.0,2,Core CPI m/m|CPI y/y,Good|Good,14,10,4,71.4,28.6,2.5,2020-11-11_2020-12-10|2022-08-03_2022-09-01|2022-11-01_2022-11-30|2022-12-01_2022-12-30|2023-06-29_2023-07-28|2023-10-27_2023-11-25|2024-05-24_2024-06-22|2024-06-23_2024-07-22|2025-02-18_2025-03-19|2025-03-20_2025-04-18|2025-04-19_2025-05-18|2025-05-19_2025-06-17|2025-10-16_2025-11-14|2025-12-15_2026-01-13
0.0,2,Core CPI m/m|CPI y/y,Good|Neutral,3,2,1,66.7,33.3,2.0,2021-02-09_2021-03-10|2021-09-07_2021-10-06|2024-12-20_2025-01-18
0.0,2,Core CPI m/m|CPI y/y,Good|Bad,3,2,1,66.7,33.3,2.0,2021-08-08_2021-09-06|2022-04-05_2022-05-04|2025-06-18_2025-07-17
0.0,2,Core CPI m/m|CPI y/y,Neutral|Bad,4,2,2,50.0,50.0,1.0,2021-10-07_2021-11-05|2023-01-30_2023-02-28|2023-09-27_2023-10-26|2023-12-26_2024-01-24
0.0,2,Core CPI m/m|CPI y/y,Bad|Neutral,3,2,1,66.7,33.3,2.0,2022-01-05_2022-02-03|2023-03-01_2023-03-30|2024-08-22_2024-09-20
0.0,2,Core CPI m/m|CPI y/y,Neutral|Good,6,3,3,50.0,50.0,1.0,2023-03-31_2023-04-29|2023-05-30_2023-06-28|2023-07-29_2023-08-27|2024-07-23_2024-08-21|2025-07-18_2025-08-16|2026-02-13_2026-03-14
0.0,2,Core CPI m/m|CPI y/y,Bad|Good,1,1,0,100.0,0.0,inf,2023-04-30_2023-05-29
0.1,2,Core CPI m/m|CPI y/y,Bad|Bad,12,7,5,58.3,41.7,1.4,2020-08-13_2020-09-11|2021-05-10_2021-06-08|2021-06-09_2021-07-08|2021-07-09_2021-08-07|2021-11-06_2021-12-05|2022-05-05_2022-06-03|2022-07-04_2022-08-02|2022-09-02_2022-10-01|2024-01-25_2024-02-23|2024-02-24_2024-03-24|2024-03-25_2024-04-23|2025-01-19_2025-02-17
0.1,2,Core CPI m/m|CPI y/y,Neutral|Neutral,20,13,7,65.0,35.0,1.86,2020-10-12_2020-11-10|2020-11-11_2020-12-10|2021-01-10_2021-02-08|2021-12-06_2022-01-04|2022-01-05_2022-02-03|2022-03-06_2022-04-04|2022-12-31_2023-01-29|2023-03-01_2023-03-30|2023-03-31_2023-04-29|2023-05-30_2023-06-28|2023-07-29_2023-08-27|2023-10-27_2023-11-25|2023-11-26_2023-12-25|2024-04-24_2024-05-23|2024-08-22_2024-09-20|2024-10-21_2024-11-19|2024-11-20_2024-12-19|2024-12-20_2025-01-18|2025-07-18_2025-08-16|2025-08-17_2025-09-15
0.1,2,Core CPI m/m|CPI y/y,Good|Neutral,3,1,2,33.3,66.7,0.5,2021-02-09_2021-03-10|2021-09-07_2021-10-06|2022-04-05_2022-05-04
0.1,2,Core CPI m/m|CPI y/y,Neutral|Bad,10,8,2,80.0,20.0,4.0,2021-04-10_2021-05-09|2021-10-07_2021-11-05|2022-02-04_2022-03-05|2022-06-04_2022-07-03|2023-01-30_2023-02-28|2023-08-28_2023-09-26|2023-09-27_2023-10-26|2023-12-26_2024-01-24|2024-09-21_2024-10-20|2025-06-18_2025-07-17
0.1,2,Core CPI m/m|CPI y/y,Good|Bad,1,1,0,100.0,0.0,inf,2021-08-08_2021-09-06
0.1,2,Core CPI m/m|CPI y/y,Good|Good,4,3,1,75.0,25.0,3.0,2022-08-03_2022-09-01|2022-11-01_2022-11-30|2025-03-20_2025-04-18|2025-05-19_2025-06-17
0.1,2,Core CPI m/m|CPI y/y,Bad|Neutral,2,2,0,100.0,0.0,inf,2022-10-02_2022-10-31|2023-04-30_2023-05-29
0.1,2,Core CPI m/m|CPI y/y,Neutral|Good,10,7,3,70.0,30.0,2.33,2022-12-01_2022-12-30|2023-06-29_2023-07-28|2024-05-24_2024-06-22|2024-06-23_2024-07-22|2024-07-23_2024-08-21|2025-02-18_2025-03-19|2025-04-19_2025-05-18|2025-10-16_2025-11-14|2025-12-15_2026-01-13|2026-02-13_2026-03-14
0.2,2,Core CPI m/m|CPI y/y,Neutral|Neutral,49,34,15,69.4,30.6,2.27,2020-08-13_2020-09-11|2020-10-12_2020-11-10|2020-11-11_2020-12-10|2021-01-10_2021-02-08|2021-02-09_2021-03-10|2021-04-10_2021-05-09|2021-08-08_2021-09-06|2021-09-07_2021-10-06|2021-10-07_2021-11-05|2021-12-06_2022-01-04|2022-01-05_2022-02-03|2022-03-06_2022-04-04|2022-04-05_2022-05-04|2022-08-03_2022-09-01|2022-10-02_2022-10-31|2022-12-31_2023-01-29|2023-03-01_2023-03-30|2023-03-31_2023-04-29|2023-04-30_2023-05-29|2023-05-30_2023-06-28|2023-06-29_2023-07-28|2023-07-29_2023-08-27|2023-08-28_2023-09-26|2023-09-27_2023-10-26|2023-10-27_2023-11-25|2023-11-26_2023-12-25|2023-12-26_2024-01-24|2024-02-24_2024-03-24|2024-03-25_2024-04-23|2024-04-24_2024-05-23|2024-05-24_2024-06-22|2024-06-23_2024-07-22|2024-07-23_2024-08-21|2024-08-22_2024-09-20|2024-09-21_2024-10-20|2024-10-21_2024-11-19|2024-11-20_2024-12-19|2024-12-20_2025-01-18|2025-01-19_2025-02-17|2025-02-18_2025-03-19|2025-03-20_2025-04-18|2025-04-19_2025-05-18|2025-05-19_2025-06-17|2025-06-18_2025-07-17|2025-07-18_2025-08-16|2025-08-17_2025-09-15|2025-10-16_2025-11-14|2025-12-15_2026-01-13|2026-02-13_2026-03-14
0.2,2,Core CPI m/m|CPI y/y,Bad|Bad,3,1,2,33.3,66.7,0.5,2021-05-10_2021-06-08|2021-07-09_2021-08-07|2022-09-02_2022-10-01
0.2,2,Core CPI m/m|CPI y/y,Neutral|Bad,8,5,3,62.5,37.5,1.67,2021-06-09_2021-07-08|2021-11-06_2021-12-05|2022-02-04_2022-03-05|2022-05-05_2022-06-03|2022-06-04_2022-07-03|2022-07-04_2022-08-02|2023-01-30_2023-02-28|2024-01-25_2024-02-23
0.2,2,Core CPI m/m|CPI y/y,Neutral|Good,2,2,0,100.0,0.0,inf,2022-11-01_2022-11-30|2022-12-01_2022-12-30
0.3,2,Core CPI m/m|CPI y/y,Neutral|Neutral,59,41,18,69.5,30.5,2.28,2020-08-13_2020-09-11|2020-10-12_2020-11-10|2020-11-11_2020-12-10|2021-01-10_2021-02-08|2021-02-09_2021-03-10|2021-04-10_2021-05-09|2021-06-09_2021-07-08|2021-08-08_2021-09-06|2021-09-07_2021-10-06|2021-10-07_2021-11-05|2021-11-06_2021-12-05|2021-12-06_2022-01-04|2022-01-05_2022-02-03|2022-02-04_2022-03-05|2022-03-06_2022-04-04|2022-04-05_2022-05-04|2022-05-05_2022-06-03|2022-06-04_2022-07-03|2022-08-03_2022-09-01|2022-09-02_2022-10-01|2022-10-02_2022-10-31|2022-11-01_2022-11-30|2022-12-01_2022-12-30|2022-12-31_2023-01-29|2023-01-30_2023-02-28|2023-03-01_2023-03-30|2023-03-31_2023-04-29|2023-04-30_2023-05-29|2023-05-30_2023-06-28|2023-06-29_2023-07-28|2023-07-29_2023-08-27|2023-08-28_2023-09-26|2023-09-27_2023-10-26|2023-10-27_2023-11-25|2023-11-26_2023-12-25|2023-12-26_2024-01-24|2024-01-25_2024-02-23|2024-02-24_2024-03-24|2024-03-25_2024-04-23|2024-04-24_2024-05-23|2024-05-24_2024-06-22|2024-06-23_2024-07-22|2024-07-23_2024-08-21|2024-08-22_2024-09-20|2024-09-21_2024-10-20|2024-10-21_2024-11-19|2024-11-20_2024-12-19|2024-12-20_2025-01-18|2025-01-19_2025-02-17|2025-02-18_2025-03-19|2025-03-20_2025-04-18|2025-04-19_2025-05-18|2025-05-19_2025-06-17|2025-06-18_2025-07-17|2025-07-18_2025-08-16|2025-08-17_2025-09-15|2025-10-16_2025-11-14|2025-12-15_2026-01-13|2026-02-13_2026-03-14
0.3,2,Core CPI m/m|CPI y/y,Bad|Bad,2,1,1,50.0,50.0,1.0,2021-05-10_2021-06-08|2021-07-09_2021-08-07
0.3,2,Core CPI m/m|CPI y/y,Neutral|Bad,1,0,1,0.0,100.0,0.0,2022-07-04_2022-08-02
0.0,2,PPI m/m|Core PPI m/m,Bad|Bad,24,15,9,62.5,37.5,1.67,2020-08-13_2020-09-11|2020-10-12_2020-11-10|2021-02-09_2021-03-10|2021-03-11_2021-04-09|2021-05-10_2021-06-08|2021-06-09_2021-07-08|2021-07-09_2021-08-07|2021-08-08_2021-09-06|2021-09-07_2021-10-06|2021-12-06_2022-01-04|2022-02-04_2022-03-05|2022-04-05_2022-05-04|2022-12-01_2022-12-30|2023-01-30_2023-02-28|2023-07-29_2023-08-27|2023-09-27_2023-10-26|2024-01-25_2024-02-23|2024-02-24_2024-03-24|2024-04-24_2024-05-23|2024-06-23_2024-07-22|2024-08-22_2024-09-20|2025-07-18_2025-08-16|2026-01-14_2026-02-12|2026-02-13_2026-03-14
0.0,2,PPI m/m|Core PPI m/m,Bad|Good,2,0,2,0.0,100.0,0.0,2020-11-11_2020-12-10|2022-07-04_2022-08-02
0.0,2,PPI m/m|Core PPI m/m,Neutral|Good,6,4,2,66.7,33.3,2.0,2020-12-11_2021-01-09|2021-11-06_2021-12-05|2022-05-05_2022-06-03|2022-06-04_2022-07-03|2023-11-26_2023-12-25|2025-11-15_2025-12-14
0.0,2,PPI m/m|Core PPI m/m,Good|Neutral,7,4,3,57.1,42.9,1.33,2021-01-10_2021-02-08|2022-01-05_2022-02-03|2022-12-31_2023-01-29|2023-04-30_2023-05-29|2023-05-30_2023-06-28|2024-03-25_2024-04-23|2024-09-21_2024-10-20
0.0,2,PPI m/m|Core PPI m/m,Good|Good,18,13,5,72.2,27.8,2.6,2021-10-07_2021-11-05|2022-03-06_2022-04-04|2022-08-03_2022-09-01|2022-11-01_2022-11-30|2023-03-01_2023-03-30|2023-03-31_2023-04-29|2023-06-29_2023-07-28|2023-10-27_2023-11-25|2023-12-26_2024-01-24|2024-05-24_2024-06-22|2024-07-23_2024-08-21|2024-12-20_2025-01-18|2025-02-18_2025-03-19|2025-03-20_2025-04-18|2025-04-19_2025-05-18|2025-05-19_2025-06-17|2025-06-18_2025-07-17|2025-08-17_2025-09-15
0.0,2,PPI m/m|Core PPI m/m,Neutral|Bad,1,0,1,0.0,100.0,0.0,2022-09-02_2022-10-01
0.0,2,PPI m/m|Core PPI m/m,Bad|Neutral,4,4,0,100.0,0.0,inf,2022-10-02_2022-10-31|2023-08-28_2023-09-26|2024-11-20_2024-12-19|2025-01-19_2025-02-17
0.0,2,PPI m/m|Core PPI m/m,Neutral|Neutral,1,0,1,0.0,100.0,0.0,2024-10-21_2024-11-19
0.1,2,PPI m/m|Core PPI m/m,Neutral|Bad,4,2,2,50.0,50.0,1.0,2020-08-13_2020-09-11|2022-09-02_2022-10-01|2022-12-01_2022-12-30|2024-06-23_2024-07-22
0.1,2,PPI m/m|Core PPI m/m,Bad|Bad,16,9,7,56.2,43.8,1.29,2020-10-12_2020-11-10|2021-02-09_2021-03-10|2021-03-11_2021-04-09|2021-05-10_2021-06-08|2021-06-09_2021-07-08|2021-07-09_2021-08-07|2021-08-08_2021-09-06|2021-12-06_2022-01-04|2022-02-04_2022-03-05|2022-04-05_2022-05-04|2023-01-30_2023-02-28|2024-01-25_2024-02-23|2024-04-24_2024-05-23|2025-07-18_2025-08-16|2026-01-14_2026-02-12|2026-02-13_2026-03-14
0.1,2,PPI m/m|Core PPI m/m,Neutral|Neutral,13,7,6,53.8,46.2,1.17,2020-11-11_2020-12-10|2020-12-11_2021-01-09|2021-09-07_2021-10-06|2021-11-06_2021-12-05|2022-06-04_2022-07-03|2023-04-30_2023-05-29|2023-06-29_2023-07-28|2023-07-29_2023-08-27|2024-03-25_2024-04-23|2024-08-22_2024-09-20|2024-09-21_2024-10-20|2024-10-21_2024-11-19|2025-11-15_2025-12-14
0.1,2,PPI m/m|Core PPI m/m,Good|Neutral,4,1,3,25.0,75.0,0.33,2021-01-10_2021-02-08|2022-01-05_2022-02-03|2022-12-31_2023-01-29|2023-05-30_2023-06-28
0.1,2,PPI m/m|Core PPI m/m,Neutral|Good,5,5,0,100.0,0.0,inf,2021-10-07_2021-11-05|2022-05-05_2022-06-03|2023-11-26_2023-12-25|2024-07-23_2024-08-21|2025-05-19_2025-06-17
0.1,2,PPI m/m|Core PPI m/m,Good|Good,14,10,4,71.4,28.6,2.5,2022-03-06_2022-04-04|2022-08-03_2022-09-01|2022-11-01_2022-11-30|2023-03-01_2023-03-30|2023-03-31_2023-04-29|2023-10-27_2023-11-25|2023-12-26_2024-01-24|2024-05-24_2024-06-22|2024-12-20_2025-01-18|2025-02-18_2025-03-19|2025-03-20_2025-04-18|2025-04-19_2025-05-18|2025-06-18_2025-07-17|2025-08-17_2025-09-15
0.1,2,PPI m/m|Core PPI m/m,Bad|Neutral,7,6,1,85.7,14.3,6.0,2022-07-04_2022-08-02|2022-10-02_2022-10-31|2023-08-28_2023-09-26|2023-09-27_2023-10-26|2024-02-24_2024-03-24|2024-11-20_2024-12-19|2025-01-19_2025-02-17
0.2,2,PPI m/m|Core PPI m/m,Neutral|Neutral,33,21,12,63.6,36.4,1.75,2020-08-13_2020-09-11|2020-10-12_2020-11-10|2020-11-11_2020-12-10|2020-12-11_2021-01-09|2021-01-10_2021-02-08|2021-09-07_2021-10-06|2021-11-06_2021-12-05|2022-01-05_2022-02-03|2022-05-05_2022-06-03|2022-06-04_2022-07-03|2022-09-02_2022-10-01|2022-10-02_2022-10-31|2022-12-01_2022-12-30|2023-04-30_2023-05-29|2023-05-30_2023-06-28|2023-06-29_2023-07-28|2023-07-29_2023-08-27|2023-09-27_2023-10-26|2023-11-26_2023-12-25|2023-12-26_2024-01-24|2024-03-25_2024-04-23|2024-06-23_2024-07-22|2024-07-23_2024-08-21|2024-08-22_2024-09-20|2024-09-21_2024-10-20|2024-10-21_2024-11-19|2024-11-20_2024-12-19|2024-12-20_2025-01-18|2025-01-19_2025-02-17|2025-05-19_2025-06-17|2025-06-18_2025-07-17|2025-11-15_2025-12-14|2026-01-14_2026-02-12
0.2,2,PPI m/m|Core PPI m/m,Bad|Bad,9,5,4,55.6,44.4,1.25,2021-02-09_2021-03-10|2021-03-11_2021-04-09|2021-05-10_2021-06-08|2021-07-09_2021-08-07|2021-08-08_2021-09-06|2021-12-06_2022-01-04|2022-02-04_2022-03-05|2022-04-05_2022-05-04|2025-07-18_2025-08-16
0.2,2,PPI m/m|Core PPI m/m,Bad|Neutral,5,3,2,60.0,40.0,1.5,2021-06-09_2021-07-08|2022-07-04_2022-08-02|2023-01-30_2023-02-28|2023-08-28_2023-09-26|2024-02-24_2024-03-24
0.2,2,PPI m/m|Core PPI m/m,Neutral|Good,3,2,1,66.7,33.3,2.0,2021-10-07_2021-11-05|2022-03-06_2022-04-04|2022-11-01_2022-11-30
0.2,2,PPI m/m|Core PPI m/m,Good|Neutral,2,1,1,50.0,50.0,1.0,2022-08-03_2022-09-01|2022-12-31_2023-01-29
0.2,2,PPI m/m|Core PPI m/m,Good|Good,8,6,2,75.0,25.0,3.0,2023-03-01_2023-03-30|2023-03-31_2023-04-29|2023-10-27_2023-11-25|2024-05-24_2024-06-22|2025-02-18_2025-03-19|2025-03-20_2025-04-18|2025-04-19_2025-05-18|2025-08-17_2025-09-15
0.2,2,PPI m/m|Core PPI m/m,Neutral|Bad,3,2,1,66.7,33.3,2.0,2024-01-25_2024-02-23|2024-04-24_2024-05-23|2026-02-13_2026-03-14
0.3,2,PPI m/m|Core PPI m/m,Neutral|Neutral,41,27,14,65.9,34.1,1.93,2020-08-13_2020-09-11|2020-10-12_2020-11-10|2020-11-11_2020-12-10|2020-12-11_2021-01-09|2021-01-10_2021-02-08|2021-03-11_2021-04-09|2021-05-10_2021-06-08|2021-09-07_2021-10-06|2021-10-07_2021-11-05|2021-11-06_2021-12-05|2022-01-05_2022-02-03|2022-05-05_2022-06-03|2022-06-04_2022-07-03|2022-09-02_2022-10-01|2022-10-02_2022-10-31|2022-11-01_2022-11-30|2022-12-01_2022-12-30|2023-01-30_2023-02-28|2023-04-30_2023-05-29|2023-05-30_2023-06-28|2023-06-29_2023-07-28|2023-07-29_2023-08-27|2023-08-28_2023-09-26|2023-09-27_2023-10-26|2023-11-26_2023-12-25|2023-12-26_2024-01-24|2024-02-24_2024-03-24|2024-03-25_2024-04-23|2024-04-24_2024-05-23|2024-06-23_2024-07-22|2024-07-23_2024-08-21|2024-08-22_2024-09-20|2024-09-21_2024-10-20|2024-10-21_2024-11-19|2024-11-20_2024-12-19|2024-12-20_2025-01-18|2025-01-19_2025-02-17|2025-05-19_2025-06-17|2025-06-18_2025-07-17|2025-11-15_2025-12-14|2026-01-14_2026-02-12
0.3,2,PPI m/m|Core PPI m/m,Bad|Bad,5,3,2,60.0,40.0,1.5,2021-02-09_2021-03-10|2021-07-09_2021-08-07|2021-08-08_2021-09-06|2022-02-04_2022-03-05|2025-07-18_2025-08-16
0.3,2,PPI m/m|Core PPI m/m,Bad|Neutral,3,2,1,66.7,33.3,2.0,2021-06-09_2021-07-08|2021-12-06_2022-01-04|2022-07-04_2022-08-02
0.3,2,PPI m/m|Core PPI m/m,Neutral|Good,2,1,1,50.0,50.0,1.0,2022-03-06_2022-04-04|2025-02-18_2025-03-19
0.3,2,PPI m/m|Core PPI m/m,Neutral|Bad,3,1,2,33.3,66.7,0.5,2022-04-05_2022-05-04|2024-01-25_2024-02-23|2026-02-13_2026-03-14
0.3,2,PPI m/m|Core PPI m/m,Good|Neutral,4,3,1,75.0,25.0,3.0,2022-08-03_2022-09-01|2022-12-31_2023-01-29|2023-10-27_2023-11-25|2024-05-24_2024-06-22
0.3,2,PPI m/m|Core PPI m/m,Good|Good,5,3,2,60.0,40.0,1.5,2023-03-01_2023-03-30|2023-03-31_2023-04-29|2025-03-20_2025-04-18|2025-04-19_2025-05-18|2025-08-17_2025-09-15
0.0,2,PPI m/m|FOMC,Bad|Neutral,19,13,6,68.4,31.6,2.17,2020-10-12_2020-11-10|2021-03-11_2021-04-09|2021-06-09_2021-07-08|2021-07-09_2021-08-07|2021-09-07_2021-10-06|2021-12-06_2022-01-04|2022-04-05_2022-05-04|2022-07-04_2022-08-02|2022-12-01_2022-12-30|2023-01-30_2023-02-28|2023-08-28_2023-09-26|2024-01-25_2024-02-23|2024-02-24_2024-03-24|2024-04-24_2024-05-23|2024-08-22_2024-09-20|2024-11-20_2024-12-19|2025-01-19_2025-02-17|2025-07-18_2025-08-16|2026-01-14_2026-02-12
0.0,2,PPI m/m|FOMC,Neutral|Neutral,6,3,3,50.0,50.0,1.0,2020-12-11_2021-01-09|2022-06-04_2022-07-03|2022-09-02_2022-10-01|2023-11-26_2023-12-25|2024-10-21_2024-11-19|2025-11-15_2025-12-14
0.0,2,PPI m/m|FOMC,Good|Neutral,15,10,5,66.7,33.3,2.0,2021-01-10_2021-02-08|2021-10-07_2021-11-05|2022-01-05_2022-02-03|2022-03-06_2022-04-04|2022-11-01_2022-11-30|2023-03-01_2023-03-30|2023-04-30_2023-05-29|2023-05-30_2023-06-28|2023-06-29_2023-07-28|2023-10-27_2023-11-25|2024-05-24_2024-06-22|2024-07-23_2024-08-21|2025-02-18_2025-03-19|2025-04-19_2025-05-18|2025-06-18_2025-07-17
0.1,2,PPI m/m|FOMC,Bad|Neutral,16,10,6,62.5,37.5,1.67,2020-10-12_2020-11-10|2021-03-11_2021-04-09|2021-06-09_2021-07-08|2021-07-09_2021-08-07|2021-12-06_2022-01-04|2022-04-05_2022-05-04|2022-07-04_2022-08-02|2023-01-30_2023-02-28|2023-08-28_2023-09-26|2024-01-25_2024-02-23|2024-02-24_2024-03-24|2024-04-24_2024-05-23|2024-11-20_2024-12-19|2025-01-19_2025-02-17|2025-07-18_2025-08-16|2026-01-14_2026-02-12
0.1,2,PPI m/m|FOMC,Neutral|Neutral,13,9,4,69.2,30.8,2.25,2020-12-11_2021-01-09|2021-09-07_2021-10-06|2021-10-07_2021-11-05|2022-06-04_2022-07-03|2022-09-02_2022-10-01|2022-12-01_2022-12-30|2023-04-30_2023-05-29|2023-06-29_2023-07-28|2023-11-26_2023-12-25|2024-07-23_2024-08-21|2024-08-22_2024-09-20|2024-10-21_2024-11-19|2025-11-15_2025-12-14
0.1,2,PPI m/m|FOMC,Good|Neutral,11,7,4,63.6,36.4,1.75,2021-01-10_2021-02-08|2022-01-05_2022-02-03|2022-03-06_2022-04-04|2022-11-01_2022-11-30|2023-03-01_2023-03-30|2023-05-30_2023-06-28|2023-10-27_2023-11-25|2024-05-24_2024-06-22|2025-02-18_2025-03-19|2025-04-19_2025-05-18|2025-06-18_2025-07-17
0.2,2,PPI m/m|FOMC,Neutral|Neutral,25,17,8,68.0,32.0,2.12,2020-10-12_2020-11-10|2020-12-11_2021-01-09|2021-01-10_2021-02-08|2021-09-07_2021-10-06|2021-10-07_2021-11-05|2022-01-05_2022-02-03|2022-03-06_2022-04-04|2022-06-04_2022-07-03|2022-09-02_2022-10-01|2022-11-01_2022-11-30|2022-12-01_2022-12-30|2023-04-30_2023-05-29|2023-05-30_2023-06-28|2023-06-29_2023-07-28|2023-11-26_2023-12-25|2024-01-25_2024-02-23|2024-04-24_2024-05-23|2024-07-23_2024-08-21|2024-08-22_2024-09-20|2024-10-21_2024-11-19|2024-11-20_2024-12-19|2025-01-19_2025-02-17|2025-06-18_2025-07-17|2025-11-15_2025-12-14|2026-01-14_2026-02-12
0.2,2,PPI m/m|FOMC,Bad|Neutral,10,5,5,50.0,50.0,1.0,2021-03-11_2021-04-09|2021-06-09_2021-07-08|2021-07-09_2021-08-07|2021-12-06_2022-01-04|2022-04-05_2022-05-04|2022-07-04_2022-08-02|2023-01-30_2023-02-28|2023-08-28_2023-09-26|2024-02-24_2024-03-24|2025-07-18_2025-08-16
0.2,2,PPI m/m|FOMC,Good|Neutral,5,4,1,80.0,20.0,4.0,2023-03-01_2023-03-30|2023-10-27_2023-11-25|2024-05-24_2024-06-22|2025-02-18_2025-03-19|2025-04-19_2025-05-18
0.3,2,PPI m/m|FOMC,Neutral|Neutral,31,20,11,64.5,35.5,1.82,2020-10-12_2020-11-10|2020-12-11_2021-01-09|2021-01-10_2021-02-08|2021-03-11_2021-04-09|2021-09-07_2021-10-06|2021-10-07_2021-11-05|2022-01-05_2022-02-03|2022-03-06_2022-04-04|2022-04-05_2022-05-04|2022-06-04_2022-07-03|2022-09-02_2022-10-01|2022-11-01_2022-11-30|2022-12-01_2022-12-30|2023-01-30_2023-02-28|2023-04-30_2023-05-29|2023-05-30_2023-06-28|2023-06-29_2023-07-28|2023-08-28_2023-09-26|2023-11-26_2023-12-25|2024-01-25_2024-02-23|2024-02-24_2024-03-24|2024-04-24_2024-05-23|2024-07-23_2024-08-21|2024-08-22_2024-09-20|2024-10-21_2024-11-19|2024-11-20_2024-12-19|2025-01-19_2025-02-17|2025-02-18_2025-03-19|2025-06-18_2025-07-17|2025-11-15_2025-12-14|2026-01-14_2026-02-12
0.3,2,PPI m/m|FOMC,Bad|Neutral,5,3,2,60.0,40.0,1.5,2021-06-09_2021-07-08|2021-07-09_2021-08-07|2021-12-06_2022-01-04|2022-07-04_2022-08-02|2025-07-18_2025-08-16
0.3,2,PPI m/m|FOMC,Good|Neutral,4,3,1,75.0,25.0,3.0,2023-03-01_2023-03-30|2023-10-27_2023-11-25|2024-05-24_2024-06-22|2025-04-19_2025-05-18
0.0,2,PPI m/m|CPI y/y,Bad|Bad,15,10,5,66.7,33.3,2.0,2020-08-13_2020-09-11|2021-05-10_2021-06-08|2021-06-09_2021-07-08|2021-07-09_2021-08-07|2021-08-08_2021-09-06|2022-02-04_2022-03-05|2022-04-05_2022-05-04|2022-07-04_2022-08-02|2022-10-02_2022-10-31|2023-01-30_2023-02-28|2023-08-28_2023-09-26|2023-09-27_2023-10-26|2024-01-25_2024-02-23|2024-02-24_2024-03-24|2025-01-19_2025-02-17
0.0,2,PPI m/m|CPI y/y,Bad|Neutral,7,6,1,85.7,14.3,6.0,2020-10-12_2020-11-10|2021-02-09_2021-03-10|2021-09-07_2021-10-06|2021-12-06_2022-01-04|2024-04-24_2024-05-23|2024-08-22_2024-09-20|2024-11-20_2024-12-19
0.0,2,PPI m/m|CPI y/y,Bad|Good,6,3,3,50.0,50.0,1.0,2020-11-11_2020-12-10|2022-12-01_2022-12-30|2023-07-29_2023-08-27|2024-06-23_2024-07-22|2025-07-18_2025-08-16|2026-02-13_2026-03-14
0.0,2,PPI m/m|CPI y/y,Good|Neutral,7,4,3,57.1,42.9,1.33,2021-01-10_2021-02-08|2022-01-05_2022-02-03|2022-03-06_2022-04-04|2022-12-31_2023-01-29|2023-03-01_2023-03-30|2024-12-20_2025-01-18|2025-08-17_2025-09-15
0.0,2,PPI m/m|CPI y/y,Good|Bad,5,4,1,80.0,20.0,4.0,2021-10-07_2021-11-05|2023-12-26_2024-01-24|2024-03-25_2024-04-23|2024-09-21_2024-10-20|2025-06-18_2025-07-17
0.0,2,PPI m/m|CPI y/y,Neutral|Bad,4,2,2,50.0,50.0,1.0,2021-11-06_2021-12-05|2022-05-05_2022-06-03|2022-06-04_2022-07-03|2022-09-02_2022-10-01
0.0,2,PPI m/m|CPI y/y,Good|Good,13,9,4,69.2,30.8,2.25,2022-08-03_2022-09-01|2022-11-01_2022-11-30|2023-03-31_2023-04-29|2023-04-30_2023-05-29|2023-05-30_2023-06-28|2023-06-29_2023-07-28|2023-10-27_2023-11-25|2024-05-24_2024-06-22|2024-07-23_2024-08-21|2025-02-18_2025-03-19|2025-03-20_2025-04-18|2025-04-19_2025-05-18|2025-05-19_2025-06-17
0.0,2,PPI m/m|CPI y/y,Neutral|Neutral,2,1,1,50.0,50.0,1.0,2023-11-26_2023-12-25|2024-10-21_2024-11-19
0.1,2,PPI m/m|CPI y/y,Neutral|Bad,8,5,3,62.5,37.5,1.67,2020-08-13_2020-09-11|2021-10-07_2021-11-05|2021-11-06_2021-12-05|2022-05-05_2022-06-03|2022-06-04_2022-07-03|2022-09-02_2022-10-01|2024-03-25_2024-04-23|2024-09-21_2024-10-20
0.1,2,PPI m/m|CPI y/y,Bad|Neutral,8,6,2,75.0,25.0,3.0,2020-10-12_2020-11-10|2021-02-09_2021-03-10|2021-12-06_2022-01-04|2022-04-05_2022-05-04|2022-10-02_2022-10-31|2024-04-24_2024-05-23|2024-11-20_2024-12-19|2025-07-18_2025-08-16
0.1,2,PPI m/m|CPI y/y,Neutral|Neutral,7,4,3,57.1,42.9,1.33,2020-11-11_2020-12-10|2021-09-07_2021-10-06|2023-04-30_2023-05-29|2023-07-29_2023-08-27|2023-11-26_2023-12-25|2024-08-22_2024-09-20|2024-10-21_2024-11-19
0.1,2,PPI m/m|CPI y/y,Good|Neutral,10,6,4,60.0,40.0,1.5,2021-01-10_2021-02-08|2022-01-05_2022-02-03|2022-03-06_2022-04-04|2022-12-31_2023-01-29|2023-03-01_2023-03-30|2023-03-31_2023-04-29|2023-05-30_2023-06-28|2023-10-27_2023-11-25|2024-12-20_2025-01-18|2025-08-17_2025-09-15
0.1,2,PPI m/m|CPI y/y,Bad|Bad,12,9,3,75.0,25.0,3.0,2021-05-10_2021-06-08|2021-06-09_2021-07-08|2021-07-09_2021-08-07|2021-08-08_2021-09-06|2022-02-04_2022-03-05|2022-07-04_2022-08-02|2023-01-30_2023-02-28|2023-08-28_2023-09-26|2023-09-27_2023-10-26|2024-01-25_2024-02-23|2024-02-24_2024-03-24|2025-01-19_2025-02-17
0.1,2,PPI m/m|CPI y/y,Good|Good,6,4,2,66.7,33.3,2.0,2022-08-03_2022-09-01|2022-11-01_2022-11-30|2024-05-24_2024-06-22|2025-02-18_2025-03-19|2025-03-20_2025-04-18|2025-04-19_2025-05-18
0.1,2,PPI m/m|CPI y/y,Neutral|Good,5,4,1,80.0,20.0,4.0,2022-12-01_2022-12-30|2023-06-29_2023-07-28|2024-06-23_2024-07-22|2024-07-23_2024-08-21|2025-05-19_2025-06-17
0.1,2,PPI m/m|CPI y/y,Good|Bad,2,1,1,50.0,50.0,1.0,2023-12-26_2024-01-24|2025-06-18_2025-07-17
0.1,2,PPI m/m|CPI y/y,Bad|Good,1,0,1,0.0,100.0,0.0,2026-02-13_2026-03-14
0.2,2,PPI m/m|CPI y/y,Neutral|Neutral,29,19,10,65.5,34.5,1.9,2020-08-13_2020-09-11|2020-10-12_2020-11-10|2020-11-11_2020-12-10|2021-01-10_2021-02-08|2021-09-07_2021-10-06|2021-10-07_2021-11-05|2022-01-05_2022-02-03|2022-03-06_2022-04-04|2022-10-02_2022-10-31|2023-04-30_2023-05-29|2023-05-30_2023-06-28|2023-06-29_2023-07-28|2023-07-29_2023-08-27|2023-09-27_2023-10-26|2023-11-26_2023-12-25|2023-12-26_2024-01-24|2024-03-25_2024-04-23|2024-04-24_2024-05-23|2024-06-23_2024-07-22|2024-07-23_2024-08-21|2024-08-22_2024-09-20|2024-09-21_2024-10-20|2024-10-21_2024-11-19|2024-11-20_2024-12-19|2024-12-20_2025-01-18|2025-01-19_2025-02-17|2025-05-19_2025-06-17|2025-06-18_2025-07-17|2026-02-13_2026-03-14
0.2,2,PPI m/m|CPI y/y,Bad|Neutral,7,5,2,71.4,28.6,2.5,2021-02-09_2021-03-10|2021-08-08_2021-09-06|2021-12-06_2022-01-04|2022-04-05_2022-05-04|2023-08-28_2023-09-26|2024-02-24_2024-03-24|2025-07-18_2025-08-16
0.2,2,PPI m/m|CPI y/y,Bad|Bad,6,3,3,50.0,50.0,1.0,2021-05-10_2021-06-08|2021-06-09_2021-07-08|2021-07-09_2021-08-07|2022-02-04_2022-03-05|2022-07-04_2022-08-02|2023-01-30_2023-02-28
0.2,2,PPI m/m|CPI y/y,Neutral|Bad,5,3,2,60.0,40.0,1.5,2021-11-06_2021-12-05|2022-05-05_2022-06-03|2022-06-04_2022-07-03|2022-09-02_2022-10-01|2024-01-25_2024-02-23
0.2,2,PPI m/m|CPI y/y,Good|Neutral,10,7,3,70.0,30.0,2.33,2022-08-03_2022-09-01|2022-12-31_2023-01-29|2023-03-01_2023-03-30|2023-03-31_2023-04-29|2023-10-27_2023-11-25|2024-05-24_2024-06-22|2025-02-18_2025-03-19|2025-03-20_2025-04-18|2025-04-19_2025-05-18|2025-08-17_2025-09-15
0.2,2,PPI m/m|CPI y/y,Neutral|Good,2,2,0,100.0,0.0,inf,2022-11-01_2022-11-30|2022-12-01_2022-12-30
0.3,2,PPI m/m|CPI y/y,Neutral|Neutral,41,27,14,65.9,34.1,1.93,2020-08-13_2020-09-11|2020-10-12_2020-11-10|2020-11-11_2020-12-10|2021-01-10_2021-02-08|2021-09-07_2021-10-06|2021-10-07_2021-11-05|2021-11-06_2021-12-05|2022-01-05_2022-02-03|2022-03-06_2022-04-04|2022-04-05_2022-05-04|2022-05-05_2022-06-03|2022-06-04_2022-07-03|2022-09-02_2022-10-01|2022-10-02_2022-10-31|2022-11-01_2022-11-30|2022-12-01_2022-12-30|2023-01-30_2023-02-28|2023-04-30_2023-05-29|2023-05-30_2023-06-28|2023-06-29_2023-07-28|2023-07-29_2023-08-27|2023-08-28_2023-09-26|2023-09-27_2023-10-26|2023-11-26_2023-12-25|2023-12-26_2024-01-24|2024-01-25_2024-02-23|2024-02-24_2024-03-24|2024-03-25_2024-04-23|2024-04-24_2024-05-23|2024-06-23_2024-07-22|2024-07-23_2024-08-21|2024-08-22_2024-09-20|2024-09-21_2024-10-20|2024-10-21_2024-11-19|2024-11-20_2024-12-19|2024-12-20_2025-01-18|2025-01-19_2025-02-17|2025-02-18_2025-03-19|2025-05-19_2025-06-17|2025-06-18_2025-07-17|2026-02-13_2026-03-14
0.3,2,PPI m/m|CPI y/y,Bad|Neutral,6,5,1,83.3,16.7,5.0,2021-02-09_2021-03-10|2021-06-09_2021-07-08|2021-08-08_2021-09-06|2021-12-06_2022-01-04|2022-02-04_2022-03-05|2025-07-18_2025-08-16
0.3,2,PPI m/m|CPI y/y,Neutral|Bad,1,1,0,100.0,0.0,inf,2021-05-10_2021-06-08
0.3,2,PPI m/m|CPI y/y,Bad|Bad,2,0,2,0.0,100.0,0.0,2021-07-09_2021-08-07|2022-07-04_2022-08-02
0.3,2,PPI m/m|CPI y/y,Good|Neutral,9,6,3,66.7,33.3,2.0,2022-08-03_2022-09-01|2022-12-31_2023-01-29|2023-03-01_2023-03-30|2023-03-31_2023-04-29|2023-10-27_2023-11-25|2024-05-24_2024-06-22|2025-03-20_2025-04-18|2025-04-19_2025-05-18|2025-08-17_2025-09-15
0.0,2,Core PPI m/m|FOMC,Bad|Neutral,16,10,6,62.5,37.5,1.67,2020-10-12_2020-11-10|2021-03-11_2021-04-09|2021-06-09_2021-07-08|2021-07-09_2021-08-07|2021-09-07_2021-10-06|2021-12-06_2022-01-04|2022-04-05_2022-05-04|2022-09-02_2022-10-01|2022-12-01_2022-12-30|2023-01-30_2023-02-28|2024-01-25_2024-02-23|2024-02-24_2024-03-24|2024-04-24_2024-05-23|2024-08-22_2024-09-20|2025-07-18_2025-08-16|2026-01-14_2026-02-12
0.0,2,Core PPI m/m|FOMC,Good|Neutral,16,11,5,68.8,31.2,2.2,2020-12-11_2021-01-09|2021-10-07_2021-11-05|2022-03-06_2022-04-04|2022-06-04_2022-07-03|2022-07-04_2022-08-02|2022-11-01_2022-11-30|2023-03-01_2023-03-30|2023-06-29_2023-07-28|2023-10-27_2023-11-25|2023-11-26_2023-12-25|2024-05-24_2024-06-22|2024-07-23_2024-08-21|2025-02-18_2025-03-19|2025-04-19_2025-05-18|2025-06-18_2025-07-17|2025-11-15_2025-12-14
0.0,2,Core PPI m/m|FOMC,Neutral|Neutral,8,5,3,62.5,37.5,1.67,2021-01-10_2021-02-08|2022-01-05_2022-02-03|2023-04-30_2023-05-29|2023-05-30_2023-06-28|2023-08-28_2023-09-26|2024-10-21_2024-11-19|2024-11-20_2024-12-19|2025-01-19_2025-02-17
0.1,2,Core PPI m/m|FOMC,Bad|Neutral,13,7,6,53.8,46.2,1.17,2020-10-12_2020-11-10|2021-03-11_2021-04-09|2021-06-09_2021-07-08|2021-07-09_2021-08-07|2021-12-06_2022-01-04|2022-04-05_2022-05-04|2022-09-02_2022-10-01|2022-12-01_2022-12-30|2023-01-30_2023-02-28|2024-01-25_2024-02-23|2024-04-24_2024-05-23|2025-07-18_2025-08-16|2026-01-14_2026-02-12
0.1,2,Core PPI m/m|FOMC,Neutral|Neutral,16,10,6,62.5,37.5,1.67,2020-12-11_2021-01-09|2021-01-10_2021-02-08|2021-09-07_2021-10-06|2022-01-05_2022-02-03|2022-06-04_2022-07-03|2022-07-04_2022-08-02|2023-04-30_2023-05-29|2023-05-30_2023-06-28|2023-06-29_2023-07-28|2023-08-28_2023-09-26|2024-02-24_2024-03-24|2024-08-22_2024-09-20|2024-10-21_2024-11-19|2024-11-20_2024-12-19|2025-01-19_2025-02-17|2025-11-15_2025-12-14
0.1,2,Core PPI m/m|FOMC,Good|Neutral,11,9,2,81.8,18.2,4.5,2021-10-07_2021-11-05|2022-03-06_2022-04-04|2022-11-01_2022-11-30|2023-03-01_2023-03-30|2023-10-27_2023-11-25|2023-11-26_2023-12-25|2024-05-24_2024-06-22|2024-07-23_2024-08-21|2025-02-18_2025-03-19|2025-04-19_2025-05-18|2025-06-18_2025-07-17
0.2,2,Core PPI m/m|FOMC,Neutral|Neutral,25,16,9,64.0,36.0,1.78,2020-10-12_2020-11-10|2020-12-11_2021-01-09|2021-01-10_2021-02-08|2021-06-09_2021-07-08|2021-09-07_2021-10-06|2022-01-05_2022-02-03|2022-06-04_2022-07-03|2022-07-04_2022-08-02|2022-09-02_2022-10-01|2022-12-01_2022-12-30|2023-01-30_2023-02-28|2023-04-30_2023-05-29|2023-05-30_2023-06-28|2023-06-29_2023-07-28|2023-08-28_2023-09-26|2023-11-26_2023-12-25|2024-02-24_2024-03-24|2024-07-23_2024-08-21|2024-08-22_2024-09-20|2024-10-21_2024-11-19|2024-11-20_2024-12-19|2025-01-19_2025-02-17|2025-06-18_2025-07-17|2025-11-15_2025-12-14|2026-01-14_2026-02-12
0.2,2,Core PPI m/m|FOMC,Bad|Neutral,7,4,3,57.1,42.9,1.33,2021-03-11_2021-04-09|2021-07-09_2021-08-07|2021-12-06_2022-01-04|2022-04-05_2022-05-04|2024-01-25_2024-02-23|2024-04-24_2024-05-23|2025-07-18_2025-08-16
0.2,2,Core PPI m/m|FOMC,Good|Neutral,8,6,2,75.0,25.0,3.0,2021-10-07_2021-11-05|2022-03-06_2022-04-04|2022-11-01_2022-11-30|2023-03-01_2023-03-30|2023-10-27_2023-11-25|2024-05-24_2024-06-22|2025-02-18_2025-03-19|2025-04-19_2025-05-18
0.3,2,Core PPI m/m|FOMC,Neutral|Neutral,32,22,10,68.8,31.2,2.2,2020-10-12_2020-11-10|2020-12-11_2021-01-09|2021-01-10_2021-02-08|2021-03-11_2021-04-09|2021-06-09_2021-07-08|2021-09-07_2021-10-06|2021-10-07_2021-11-05|2021-12-06_2022-01-04|2022-01-05_2022-02-03|2022-06-04_2022-07-03|2022-07-04_2022-08-02|2022-09-02_2022-10-01|2022-11-01_2022-11-30|2022-12-01_2022-12-30|2023-01-30_2023-02-28|2023-04-30_2023-05-29|2023-05-30_2023-06-28|2023-06-29_2023-07-28|2023-08-28_2023-09-26|2023-10-27_2023-11-25|2023-11-26_2023-12-25|2024-02-24_2024-03-24|2024-04-24_2024-05-23|2024-05-24_2024-06-22|2024-07-23_2024-08-21|2024-08-22_2024-09-20|2024-10-21_2024-11-19|2024-11-20_2024-12-19|2025-01-19_2025-02-17|2025-06-18_2025-07-17|2025-11-15_2025-12-14|2026-01-14_2026-02-12
0.3,2,Core PPI m/m|FOMC,Bad|Neutral,4,2,2,50.0,50.0,1.0,2021-07-09_2021-08-07|2022-04-05_2022-05-04|2024-01-25_2024-02-23|2025-07-18_2025-08-16
0.3,2,Core PPI m/m|FOMC,Good|Neutral,4,2,2,50.0,50.0,1.0,2022-03-06_2022-04-04|2023-03-01_2023-03-30|2025-02-18_2025-03-19|2025-04-19_2025-05-18
0.0,2,Core PPI m/m|CPI y/y,Bad|Bad,12,7,5,58.3,41.7,1.4,2020-08-13_2020-09-11|2021-05-10_2021-06-08|2021-06-09_2021-07-08|2021-07-09_2021-08-07|2021-08-08_2021-09-06|2022-02-04_2022-03-05|2022-04-05_2022-05-04|2022-09-02_2022-10-01|2023-01-30_2023-02-28|2023-09-27_2023-10-26|2024-01-25_2024-02-23|2024-02-24_2024-03-24
0.0,2,Core PPI m/m|CPI y/y,Bad|Neutral,6,5,1,83.3,16.7,5.0,2020-10-12_2020-11-10|2021-02-09_2021-03-10|2021-09-07_2021-10-06|2021-12-06_2022-01-04|2024-04-24_2024-05-23|2024-08-22_2024-09-20
0.0,2,Core PPI m/m|CPI y/y,Good|Good,12,8,4,66.7,33.3,2.0,2020-11-11_2020-12-10|2022-08-03_2022-09-01|2022-11-01_2022-11-30|2023-03-31_2023-04-29|2023-06-29_2023-07-28|2023-10-27_2023-11-25|2024-05-24_2024-06-22|2024-07-23_2024-08-21|2025-02-18_2025-03-19|2025-03-20_2025-04-18|2025-04-19_2025-05-18|2025-05-19_2025-06-17
0.0,2,Core PPI m/m|CPI y/y,Neutral|Neutral,5,2,3,40.0,60.0,0.67,2021-01-10_2021-02-08|2022-01-05_2022-02-03|2022-12-31_2023-01-29|2024-10-21_2024-11-19|2024-11-20_2024-12-19
0.0,2,Core PPI m/m|CPI y/y,Good|Bad,7,4,3,57.1,42.9,1.33,2021-10-07_2021-11-05|2021-11-06_2021-12-05|2022-05-05_2022-06-03|2022-06-04_2022-07-03|2022-07-04_2022-08-02|2023-12-26_2024-01-24|2025-06-18_2025-07-17
0.0,2,Core PPI m/m|CPI y/y,Good|Neutral,5,4,1,80.0,20.0,4.0,2022-03-06_2022-04-04|2023-03-01_2023-03-30|2023-11-26_2023-12-25|2024-12-20_2025-01-18|2025-08-17_2025-09-15
0.0,2,Core PPI m/m|CPI y/y,Neutral|Bad,5,5,0,100.0,0.0,inf,2022-10-02_2022-10-31|2023-08-28_2023-09-26|2024-03-25_2024-04-23|2024-09-21_2024-10-20|2025-01-19_2025-02-17
0.0,2,Core PPI m/m|CPI y/y,Bad|Good,5,3,2,60.0,40.0,1.5,2022-12-01_2022-12-30|2023-07-29_2023-08-27|2024-06-23_2024-07-22|2025-07-18_2025-08-16|2026-02-13_2026-03-14
0.0,2,Core PPI m/m|CPI y/y,Neutral|Good,2,1,1,50.0,50.0,1.0,2023-04-30_2023-05-29|2023-05-30_2023-06-28
0.1,2,Core PPI m/m|CPI y/y,Bad|Bad,9,5,4,55.6,44.4,1.25,2020-08-13_2020-09-11|2021-05-10_2021-06-08|2021-06-09_2021-07-08|2021-07-09_2021-08-07|2021-08-08_2021-09-06|2022-02-04_2022-03-05|2022-09-02_2022-10-01|2023-01-30_2023-02-28|2024-01-25_2024-02-23
0.1,2,Core PPI m/m|CPI y/y,Bad|Neutral,6,4,2,66.7,33.3,2.0,2020-10-12_2020-11-10|2021-02-09_2021-03-10|2021-12-06_2022-01-04|2022-04-05_2022-05-04|2024-04-24_2024-05-23|2025-07-18_2025-08-16
0.1,2,Core PPI m/m|CPI y/y,Neutral|Neutral,12,6,6,50.0,50.0,1.0,2020-11-11_2020-12-10|2021-01-10_2021-02-08|2021-09-07_2021-10-06|2022-01-05_2022-02-03|2022-10-02_2022-10-31|2022-12-31_2023-01-29|2023-04-30_2023-05-29|2023-05-30_2023-06-28|2023-07-29_2023-08-27|2024-08-22_2024-09-20|2024-10-21_2024-11-19|2024-11-20_2024-12-19
0.1,2,Core PPI m/m|CPI y/y,Good|Bad,4,3,1,75.0,25.0,3.0,2021-10-07_2021-11-05|2022-05-05_2022-06-03|2023-12-26_2024-01-24|2025-06-18_2025-07-17
0.1,2,Core PPI m/m|CPI y/y,Neutral|Bad,9,7,2,77.8,22.2,3.5,2021-11-06_2021-12-05|2022-06-04_2022-07-03|2022-07-04_2022-08-02|2023-08-28_2023-09-26|2023-09-27_2023-10-26|2024-02-24_2024-03-24|2024-03-25_2024-04-23|2024-09-21_2024-10-20|2025-01-19_2025-02-17
0.1,2,Core PPI m/m|CPI y/y,Good|Neutral,7,6,1,85.7,14.3,6.0,2022-03-06_2022-04-04|2023-03-01_2023-03-30|2023-03-31_2023-04-29|2023-10-27_2023-11-25|2023-11-26_2023-12-25|2024-12-20_2025-01-18|2025-08-17_2025-09-15
0.1,2,Core PPI m/m|CPI y/y,Good|Good,8,6,2,75.0,25.0,3.0,2022-08-03_2022-09-01|2022-11-01_2022-11-30|2024-05-24_2024-06-22|2024-07-23_2024-08-21|2025-02-18_2025-03-19|2025-03-20_2025-04-18|2025-04-19_2025-05-18|2025-05-19_2025-06-17
0.1,2,Core PPI m/m|CPI y/y,Bad|Good,3,2,1,66.7,33.3,2.0,2022-12-01_2022-12-30|2024-06-23_2024-07-22|2026-02-13_2026-03-14
0.1,2,Core PPI m/m|CPI y/y,Neutral|Good,1,0,1,0.0,100.0,0.0,2023-06-29_2023-07-28
0.2,2,Core PPI m/m|CPI y/y,Neutral|Neutral,29,20,9,69.0,31.0,2.22,2020-08-13_2020-09-11|2020-10-12_2020-11-10|2020-11-11_2020-12-10|2021-01-10_2021-02-08|2021-09-07_2021-10-06|2022-01-05_2022-02-03|2022-08-03_2022-09-01|2022-10-02_2022-10-31|2022-12-31_2023-01-29|2023-04-30_2023-05-29|2023-05-30_2023-06-28|2023-06-29_2023-07-28|2023-07-29_2023-08-27|2023-08-28_2023-09-26|2023-09-27_2023-10-26|2023-11-26_2023-12-25|2023-12-26_2024-01-24|2024-02-24_2024-03-24|2024-03-25_2024-04-23|2024-06-23_2024-07-22|2024-07-23_2024-08-21|2024-08-22_2024-09-20|2024-09-21_2024-10-20|2024-10-21_2024-11-19|2024-11-20_2024-12-19|2024-12-20_2025-01-18|2025-01-19_2025-02-17|2025-05-19_2025-06-17|2025-06-18_2025-07-17
0.2,2,Core PPI m/m|CPI y/y,Bad|Neutral,7,4,3,57.1,42.9,1.33,2021-02-09_2021-03-10|2021-08-08_2021-09-06|2021-12-06_2022-01-04|2022-04-05_2022-05-04|2024-04-24_2024-05-23|2025-07-18_2025-08-16|2026-02-13_2026-03-14
0.2,2,Core PPI m/m|CPI y/y,Bad|Bad,4,3,1,75.0,25.0,3.0,2021-05-10_2021-06-08|2021-07-09_2021-08-07|2022-02-04_2022-03-05|2024-01-25_2024-02-23
0.2,2,Core PPI m/m|CPI y/y,Neutral|Bad,7,3,4,42.9,57.1,0.75,2021-06-09_2021-07-08|2021-11-06_2021-12-05|2022-05-05_2022-06-03|2022-06-04_2022-07-03|2022-07-04_2022-08-02|2022-09-02_2022-10-01|2023-01-30_2023-02-28
0.2,2,Core PPI m/m|CPI y/y,Good|Neutral,10,7,3,70.0,30.0,2.33,2021-10-07_2021-11-05|2022-03-06_2022-04-04|2023-03-01_2023-03-30|2023-03-31_2023-04-29|2023-10-27_2023-11-25|2024-05-24_2024-06-22|2025-02-18_2025-03-19|2025-03-20_2025-04-18|2025-04-19_2025-05-18|2025-08-17_2025-09-15
0.2,2,Core PPI m/m|CPI y/y,Good|Good,1,1,0,100.0,0.0,inf,2022-11-01_2022-11-30
0.2,2,Core PPI m/m|CPI y/y,Neutral|Good,1,1,0,100.0,0.0,inf,2022-12-01_2022-12-30
0.3,2,Core PPI m/m|CPI y/y,Neutral|Neutral,42,30,12,71.4,28.6,2.5,2020-08-13_2020-09-11|2020-10-12_2020-11-10|2020-11-11_2020-12-10|2021-01-10_2021-02-08|2021-06-09_2021-07-08|2021-09-07_2021-10-06|2021-10-07_2021-11-05|2021-11-06_2021-12-05|2021-12-06_2022-01-04|2022-01-05_2022-02-03|2022-05-05_2022-06-03|2022-06-04_2022-07-03|2022-08-03_2022-09-01|2022-09-02_2022-10-01|2022-10-02_2022-10-31|2022-11-01_2022-11-30|2022-12-01_2022-12-30|2022-12-31_2023-01-29|2023-01-30_2023-02-28|2023-04-30_2023-05-29|2023-05-30_2023-06-28|2023-06-29_2023-07-28|2023-07-29_2023-08-27|2023-08-28_2023-09-26|2023-09-27_2023-10-26|2023-10-27_2023-11-25|2023-11-26_2023-12-25|2023-12-26_2024-01-24|2024-02-24_2024-03-24|2024-03-25_2024-04-23|2024-04-24_2024-05-23|2024-05-24_2024-06-22|2024-06-23_2024-07-22|2024-07-23_2024-08-21|2024-08-22_2024-09-20|2024-09-21_2024-10-20|2024-10-21_2024-11-19|2024-11-20_2024-12-19|2024-12-20_2025-01-18|2025-01-19_2025-02-17|2025-05-19_2025-06-17|2025-06-18_2025-07-17
0.3,2,Core PPI m/m|CPI y/y,Bad|Neutral,7,4,3,57.1,42.9,1.33,2021-02-09_2021-03-10|2021-08-08_2021-09-06|2022-02-04_2022-03-05|2022-04-05_2022-05-04|2024-01-25_2024-02-23|2025-07-18_2025-08-16|2026-02-13_2026-03-14
0.3,2,Core PPI m/m|CPI y/y,Neutral|Bad,2,1,1,50.0,50.0,1.0,2021-05-10_2021-06-08|2022-07-04_2022-08-02
0.3,2,Core PPI m/m|CPI y/y,Bad|Bad,1,0,1,0.0,100.0,0.0,2021-07-09_2021-08-07
0.3,2,Core PPI m/m|CPI y/y,Good|Neutral,7,4,3,57.1,42.9,1.33,2022-03-06_2022-04-04|2023-03-01_2023-03-30|2023-03-31_2023-04-29|2025-02-18_2025-03-19|2025-03-20_2025-04-18|2025-04-19_2025-05-18|2025-08-17_2025-09-15
0.0,2,FOMC|CPI y/y,Neutral|Neutral,12,9,3,75.0,25.0,3.0,2020-10-12_2020-11-10|2021-01-10_2021-02-08|2021-09-07_2021-10-06|2021-12-06_2022-01-04|2022-01-05_2022-02-03|2022-03-06_2022-04-04|2023-03-01_2023-03-30|2023-11-26_2023-12-25|2024-04-24_2024-05-23|2024-08-22_2024-09-20|2024-10-21_2024-11-19|2024-11-20_2024-12-19
0.0,2,FOMC|CPI y/y,Neutral|Bad,14,9,5,64.3,35.7,1.8,2021-04-10_2021-05-09|2021-06-09_2021-07-08|2021-07-09_2021-08-07|2021-10-07_2021-11-05|2022-04-05_2022-05-04|2022-06-04_2022-07-03|2022-07-04_2022-08-02|2022-09-02_2022-10-01|2023-01-30_2023-02-28|2023-08-28_2023-09-26|2024-01-25_2024-02-23|2024-02-24_2024-03-24|2025-01-19_2025-02-17|2025-06-18_2025-07-17
0.0,2,FOMC|CPI y/y,Neutral|Good,12,9,3,75.0,25.0,3.0,2022-11-01_2022-11-30|2022-12-01_2022-12-30|2023-04-30_2023-05-29|2023-05-30_2023-06-28|2023-06-29_2023-07-28|2023-10-27_2023-11-25|2024-05-24_2024-06-22|2024-07-23_2024-08-21|2025-02-18_2025-03-19|2025-04-19_2025-05-18|2025-07-18_2025-08-16|2025-10-16_2025-11-14
0.1,2,FOMC|CPI y/y,Neutral|Neutral,17,12,5,70.6,29.4,2.4,2020-10-12_2020-11-10|2021-01-10_2021-02-08|2021-09-07_2021-10-06|2021-12-06_2022-01-04|2022-01-05_2022-02-03|2022-03-06_2022-04-04|2022-04-05_2022-05-04|2023-03-01_2023-03-30|2023-04-30_2023-05-29|2023-05-30_2023-06-28|2023-10-27_2023-11-25|2023-11-26_2023-12-25|2024-04-24_2024-05-23|2024-08-22_2024-09-20|2024-10-21_2024-11-19|2024-11-20_2024-12-19|2025-07-18_2025-08-16
0.1,2,FOMC|CPI y/y,Neutral|Bad,13,9,4,69.2,30.8,2.25,2021-04-10_2021-05-09|2021-06-09_2021-07-08|2021-07-09_2021-08-07|2021-10-07_2021-11-05|2022-06-04_2022-07-03|2022-07-04_2022-08-02|2022-09-02_2022-10-01|2023-01-30_2023-02-28|2023-08-28_2023-09-26|2024-01-25_2024-02-23|2024-02-24_2024-03-24|2025-01-19_2025-02-17|2025-06-18_2025-07-17
0.1,2,FOMC|CPI y/y,Neutral|Good,8,6,2,75.0,25.0,3.0,2022-11-01_2022-11-30|2022-12-01_2022-12-30|2023-06-29_2023-07-28|2024-05-24_2024-06-22|2024-07-23_2024-08-21|2025-02-18_2025-03-19|2025-04-19_2025-05-18|2025-10-16_2025-11-14
0.2,2,FOMC|CPI y/y,Neutral|Neutral,29,22,7,75.9,24.1,3.14,2020-10-12_2020-11-10|2021-01-10_2021-02-08|2021-04-10_2021-05-09|2021-09-07_2021-10-06|2021-10-07_2021-11-05|2021-12-06_2022-01-04|2022-01-05_2022-02-03|2022-03-06_2022-04-04|2022-04-05_2022-05-04|2023-03-01_2023-03-30|2023-04-30_2023-05-29|2023-05-30_2023-06-28|2023-06-29_2023-07-28|2023-08-28_2023-09-26|2023-10-27_2023-11-25|2023-11-26_2023-12-25|2024-02-24_2024-03-24|2024-04-24_2024-05-23|2024-05-24_2024-06-22|2024-07-23_2024-08-21|2024-08-22_2024-09-20|2024-10-21_2024-11-19|2024-11-20_2024-12-19|2025-01-19_2025-02-17|2025-02-18_2025-03-19|2025-04-19_2025-05-18|2025-06-18_2025-07-17|2025-07-18_2025-08-16|2025-10-16_2025-11-14
0.2,2,FOMC|CPI y/y,Neutral|Bad,7,3,4,42.9,57.1,0.75,2021-06-09_2021-07-08|2021-07-09_2021-08-07|2022-06-04_2022-07-03|2022-07-04_2022-08-02|2022-09-02_2022-10-01|2023-01-30_2023-02-28|2024-01-25_2024-02-23
0.2,2,FOMC|CPI y/y,Neutral|Good,2,2,0,100.0,0.0,inf,2022-11-01_2022-11-30|2022-12-01_2022-12-30
0.3,2,FOMC|CPI y/y,Neutral|Neutral,36,27,9,75.0,25.0,3.0,2020-10-12_2020-11-10|2021-01-10_2021-02-08|2021-04-10_2021-05-09|2021-06-09_2021-07-08|2021-09-07_2021-10-06|2021-10-07_2021-11-05|2021-12-06_2022-01-04|2022-01-05_2022-02-03|2022-03-06_2022-04-04|2022-04-05_2022-05-04|2022-06-04_2022-07-03|2022-09-02_2022-10-01|2022-11-01_2022-11-30|2022-12-01_2022-12-30|2023-01-30_2023-02-28|2023-03-01_2023-03-30|2023-04-30_2023-05-29|2023-05-30_2023-06-28|2023-06-29_2023-07-28|2023-08-28_2023-09-26|2023-10-27_2023-11-25|2023-11-26_2023-12-25|2024-01-25_2024-02-23|2024-02-24_2024-03-24|2024-04-24_2024-05-23|2024-05-24_2024-06-22|2024-07-23_2024-08-21|2024-08-22_2024-09-20|2024-10-21_2024-11-19|2024-11-20_2024-12-19|2025-01-19_2025-02-17|2025-02-18_2025-03-19|2025-04-19_2025-05-18|2025-06-18_2025-07-17|2025-07-18_2025-08-16|2025-10-16_2025-11-14
0.3,2,FOMC|CPI y/y,Neutral|Bad,2,0,2,0.0,100.0,0.0,2021-07-09_2021-08-07|2022-07-04_2022-08-02
