آستانه,تعداد_شاخص‌ها,لیست_شاخص‌ها,الگوی_وضعیت,تعداد_کل_وقوع,تعداد_ضررده,تعداد_سودده,درصد_ضررده,درصد_سودده,نسبت_شانس,ماه‌ها
0.0,1,CPI m/m,Neutral,34,18,16,52.9,47.1,1.13,2018-01|2018-03|2018-06|2018-08|2018-11|2018-12|2019-01|2019-03|2019-06|2019-08|2019-09|2020-01|2020-10|2021-01|2021-02|2021-03|2021-08|2022-03|2022-04|2023-01|2023-02|2023-03|2023-05|2023-08|2023-09|2024-03|2024-08|2024-09|2024-11|2024-12|2025-01|2025-07|2025-08|2026-01
0.0,1,CPI m/m,Bad,32,17,15,53.1,46.9,1.13,2018-02|2019-04|2019-07|2019-11|2019-12|2020-03|2020-07|2020-08|2020-09|2020-12|2021-04|2021-05|2021-06|2021-07|2021-10|2021-11|2021-12|2022-01|2022-02|2022-05|2022-06|2022-07|2022-09|2022-10|2023-10|2023-12|2024-01|2024-02|2024-04|2024-10|2025-02|2025-09
0.0,1,CPI m/m,Good,30,14,16,46.7,53.3,0.87,2018-04|2018-05|2018-07|2018-09|2018-10|2019-02|2019-05|2019-10|2020-02|2020-04|2020-05|2020-06|2020-11|2021-09|2022-08|2022-11|2022-12|2023-04|2023-06|2023-07|2023-11|2024-05|2024-06|2024-07|2025-03|2025-04|2025-05|2025-06|2025-10|2026-02
0.1,1,CPI m/m,Neutral,65,32,33,49.2,50.8,0.97,2018-01|2018-03|2018-04|2018-05|2018-06|2018-07|2018-08|2018-09|2018-10|2018-11|2018-12|2019-01|2019-02|2019-03|2019-06|2019-07|2019-08|2019-09|2019-10|2019-12|2020-01|2020-02|2020-03|2020-06|2020-07|2020-10|2020-11|2020-12|2021-01|2021-02|2021-03|2021-04|2021-08|2022-01|2022-03|2022-04|2022-05|2023-01|2023-02|2023-03|2023-04|2023-05|2023-06|2023-07|2023-08|2023-09|2023-11|2023-12|2024-01|2024-02|2024-03|2024-06|2024-08|2024-09|2024-10|2024-11|2024-12|2025-01|2025-03|2025-05|2025-06|2025-07|2025-08|2026-01|2026-02
0.1,1,CPI m/m,Bad,20,13,7,65.0,35.0,1.86,2018-02|2019-04|2019-11|2020-08|2020-09|2021-05|2021-06|2021-07|2021-10|2021-11|2021-12|2022-02|2022-06|2022-07|2022-09|2022-10|2023-10|2024-04|2025-02|2025-09
0.1,1,CPI m/m,Good,11,4,7,36.4,63.6,0.57,2019-05|2020-04|2020-05|2021-09|2022-08|2022-11|2022-12|2024-05|2024-07|2025-04|2025-10
0.2,1,CPI m/m,Neutral,91,45,46,49.5,50.5,0.98,2018-01|2018-02|2018-03|2018-04|2018-05|2018-06|2018-07|2018-08|2018-09|2018-10|2018-11|2018-12|2019-01|2019-02|2019-03|2019-04|2019-05|2019-06|2019-07|2019-08|2019-09|2019-10|2019-11|2019-12|2020-01|2020-02|2020-03|2020-04|2020-05|2020-06|2020-07|2020-09|2020-10|2020-11|2020-12|2021-01|2021-02|2021-03|2021-04|2021-06|2021-08|2021-09|2021-10|2021-12|2022-01|2022-02|2022-03|2022-04|2022-05|2022-07|2022-08|2022-09|2022-10|2022-11|2022-12|2023-01|2023-02|2023-03|2023-04|2023-05|2023-06|2023-07|2023-08|2023-09|2023-10|2023-11|2023-12|2024-01|2024-02|2024-03|2024-04|2024-05|2024-06|2024-07|2024-08|2024-09|2024-10|2024-11|2024-12|2025-01|2025-02|2025-03|2025-04|2025-05|2025-06|2025-07|2025-08|2025-09|2025-10|2026-01|2026-02
0.2,1,CPI m/m,Bad,5,4,1,80.0,20.0,4.0,2020-08|2021-05|2021-07|2021-11|2022-06
0.3,1,CPI m/m,Neutral,92,46,46,50.0,50.0,1.0,2018-01|2018-02|2018-03|2018-04|2018-05|2018-06|2018-07|2018-08|2018-09|2018-10|2018-11|2018-12|2019-01|2019-02|2019-03|2019-04|2019-05|2019-06|2019-07|2019-08|2019-09|2019-10|2019-11|2019-12|2020-01|2020-02|2020-03|2020-04|2020-05|2020-06|2020-07|2020-08|2020-09|2020-10|2020-11|2020-12|2021-01|2021-02|2021-03|2021-04|2021-06|2021-08|2021-09|2021-10|2021-12|2022-01|2022-02|2022-03|2022-04|2022-05|2022-07|2022-08|2022-09|2022-10|2022-11|2022-12|2023-01|2023-02|2023-03|2023-04|2023-05|2023-06|2023-07|2023-08|2023-09|2023-10|2023-11|2023-12|2024-01|2024-02|2024-03|2024-04|2024-05|2024-06|2024-07|2024-08|2024-09|2024-10|2024-11|2024-12|2025-01|2025-02|2025-03|2025-04|2025-05|2025-06|2025-07|2025-08|2025-09|2025-10|2026-01|2026-02
0.3,1,CPI m/m,Bad,4,3,1,75.0,25.0,3.0,2021-05|2021-07|2021-11|2022-06
0.0,1,Core CPI m/m,Bad,31,16,15,51.6,48.4,1.07,2018-01|2018-02|2018-06|2019-07|2019-08|2019-09|2020-07|2020-08|2020-09|2020-12|2021-04|2021-05|2021-06|2021-07|2021-11|2022-01|2022-02|2022-05|2022-06|2022-07|2022-09|2022-10|2023-03|2023-05|2023-09|2024-02|2024-03|2024-04|2024-09|2024-10|2025-02
0.0,1,Core CPI m/m,Neutral,32,16,16,50.0,50.0,1.0,2018-03|2018-04|2018-07|2018-08|2018-11|2018-12|2019-01|2019-02|2019-11|2019-12|2020-02|2020-03|2020-10|2021-01|2021-10|2021-12|2022-03|2023-01|2023-02|2023-04|2023-06|2023-08|2023-10|2023-12|2024-01|2024-05|2024-08|2024-11|2024-12|2025-08|2025-09|2026-02
0.0,1,Core CPI m/m,Good,33,17,16,51.5,48.5,1.06,2018-05|2018-09|2018-10|2019-03|2019-04|2019-05|2019-06|2019-10|2020-01|2020-04|2020-05|2020-06|2020-11|2021-02|2021-03|2021-08|2021-09|2022-04|2022-08|2022-11|2022-12|2023-07|2023-11|2024-06|2024-07|2025-01|2025-03|2025-04|2025-05|2025-06|2025-07|2025-10|2026-01
0.1,1,Core CPI m/m,Neutral,70,32,38,45.7,54.3,0.84,2018-01|2018-02|2018-03|2018-04|2018-05|2018-06|2018-07|2018-08|2018-09|2018-10|2018-11|2018-12|2019-01|2019-02|2019-03|2019-04|2019-05|2019-06|2019-07|2019-08|2019-09|2019-10|2019-11|2019-12|2020-01|2020-02|2020-03|2020-06|2020-07|2020-10|2020-12|2021-01|2021-03|2021-04|2021-10|2021-12|2022-01|2022-02|2022-03|2022-06|2022-12|2023-01|2023-02|2023-03|2023-04|2023-06|2023-07|2023-08|2023-09|2023-10|2023-11|2023-12|2024-01|2024-05|2024-06|2024-07|2024-08|2024-09|2024-10|2024-11|2024-12|2025-01|2025-03|2025-05|2025-07|2025-08|2025-09|2025-10|2026-01|2026-02
0.1,1,Core CPI m/m,Good,11,7,4,63.6,36.4,1.75,2020-04|2020-05|2020-11|2021-02|2021-08|2021-09|2022-04|2022-08|2022-11|2025-04|2025-06
0.1,1,Core CPI m/m,Bad,15,10,5,66.7,33.3,2.0,2020-08|2020-09|2021-05|2021-06|2021-07|2021-11|2022-05|2022-07|2022-09|2022-10|2023-05|2024-02|2024-03|2024-04|2025-02
0.2,1,Core CPI m/m,Neutral,92,47,45,51.1,48.9,1.04,2018-01|2018-02|2018-03|2018-04|2018-05|2018-06|2018-07|2018-08|2018-09|2018-10|2018-11|2018-12|2019-01|2019-02|2019-03|2019-04|2019-05|2019-06|2019-07|2019-08|2019-09|2019-10|2019-11|2019-12|2020-01|2020-02|2020-03|2020-04|2020-05|2020-06|2020-07|2020-09|2020-10|2020-11|2020-12|2021-01|2021-02|2021-03|2021-04|2021-06|2021-08|2021-09|2021-10|2021-11|2021-12|2022-01|2022-02|2022-03|2022-04|2022-05|2022-06|2022-07|2022-08|2022-10|2022-11|2022-12|2023-01|2023-02|2023-03|2023-04|2023-05|2023-06|2023-07|2023-08|2023-09|2023-10|2023-11|2023-12|2024-01|2024-02|2024-03|2024-04|2024-05|2024-06|2024-07|2024-08|2024-09|2024-10|2024-11|2024-12|2025-01|2025-02|2025-03|2025-04|2025-05|2025-06|2025-07|2025-08|2025-09|2025-10|2026-01|2026-02
0.2,1,Core CPI m/m,Bad,4,2,2,50.0,50.0,1.0,2020-08|2021-05|2021-07|2022-09
0.3,1,Core CPI m/m,Neutral,93,47,46,50.5,49.5,1.02,2018-01|2018-02|2018-03|2018-04|2018-05|2018-06|2018-07|2018-08|2018-09|2018-10|2018-11|2018-12|2019-01|2019-02|2019-03|2019-04|2019-05|2019-06|2019-07|2019-08|2019-09|2019-10|2019-11|2019-12|2020-01|2020-02|2020-03|2020-04|2020-05|2020-06|2020-07|2020-09|2020-10|2020-11|2020-12|2021-01|2021-02|2021-03|2021-04|2021-06|2021-08|2021-09|2021-10|2021-11|2021-12|2022-01|2022-02|2022-03|2022-04|2022-05|2022-06|2022-07|2022-08|2022-09|2022-10|2022-11|2022-12|2023-01|2023-02|2023-03|2023-04|2023-05|2023-06|2023-07|2023-08|2023-09|2023-10|2023-11|2023-12|2024-01|2024-02|2024-03|2024-04|2024-05|2024-06|2024-07|2024-08|2024-09|2024-10|2024-11|2024-12|2025-01|2025-02|2025-03|2025-04|2025-05|2025-06|2025-07|2025-08|2025-09|2025-10|2026-01|2026-02
0.3,1,Core CPI m/m,Bad,3,2,1,66.7,33.3,2.0,2020-08|2021-05|2021-07
0.0,1,PPI m/m,Good,38,18,20,47.4,52.6,0.9,2018-01|2018-05|2018-08|2018-09|2019-01|2019-02|2019-03|2019-10|2019-12|2020-01|2020-03|2020-05|2020-07|2021-01|2021-10|2022-01|2022-03|2022-08|2022-11|2023-01|2023-03|2023-04|2023-05|2023-06|2023-07|2023-11|2024-01|2024-04|2024-06|2024-08|2024-10|2025-01|2025-03|2025-04|2025-05|2025-06|2025-07|2025-09
0.0,1,PPI m/m,Neutral,14,8,6,57.1,42.9,1.33,2018-02|2018-10|2019-05|2019-06|2019-07|2019-08|2020-12|2021-11|2022-05|2022-06|2022-09|2023-12|2024-11|2025-11
0.0,1,PPI m/m,Bad,44,24,20,54.5,45.5,1.2,2018-03|2018-04|2018-06|2018-07|2018-11|2018-12|2019-04|2019-09|2019-11|2020-02|2020-04|2020-06|2020-08|2020-09|2020-10|2020-11|2021-02|2021-03|2021-04|2021-05|2021-06|2021-07|2021-08|2021-09|2021-12|2022-02|2022-04|2022-07|2022-10|2022-12|2023-02|2023-08|2023-09|2023-10|2024-02|2024-03|2024-05|2024-07|2024-09|2024-12|2025-02|2025-08|2026-01|2026-02
0.1,1,PPI m/m,Good,27,14,13,51.9,48.1,1.08,2018-01|2018-08|2018-09|2019-02|2019-10|2019-12|2020-03|2020-05|2020-07|2021-01|2022-01|2022-03|2022-08|2022-11|2023-01|2023-03|2023-04|2023-06|2023-11|2024-01|2024-06|2025-01|2025-03|2025-04|2025-05|2025-07|2025-09
0.1,1,PPI m/m,Neutral,38,20,18,52.6,47.4,1.11,2018-02|2018-03|2018-05|2018-07|2018-10|2018-12|2019-01|2019-03|2019-05|2019-06|2019-07|2019-08|2019-09|2020-01|2020-04|2020-09|2020-11|2020-12|2021-03|2021-09|2021-10|2021-11|2022-05|2022-06|2022-09|2022-12|2023-05|2023-07|2023-08|2023-12|2024-04|2024-07|2024-08|2024-09|2024-10|2024-11|2025-06|2025-11
0.1,1,PPI m/m,Bad,31,16,15,51.6,48.4,1.07,2018-04|2018-06|2018-11|2019-04|2019-11|2020-02|2020-06|2020-08|2020-10|2021-02|2021-04|2021-05|2021-06|2021-07|2021-08|2021-12|2022-02|2022-04|2022-07|2022-10|2023-02|2023-09|2023-10|2024-02|2024-03|2024-05|2024-12|2025-02|2025-08|2026-01|2026-02
0.2,1,PPI m/m,Good,16,7,9,43.8,56.2,0.78,2018-01|2018-09|2019-10|2020-03|2020-05|2020-07|2022-08|2023-01|2023-03|2023-04|2023-11|2024-06|2025-03|2025-04|2025-05|2025-09
0.2,1,PPI m/m,Neutral,61,31,30,50.8,49.2,1.03,2018-02|2018-03|2018-04|2018-05|2018-06|2018-07|2018-08|2018-10|2018-12|2019-01|2019-02|2019-03|2019-05|2019-06|2019-07|2019-08|2019-09|2019-11|2019-12|2020-01|2020-04|2020-09|2020-10|2020-11|2020-12|2021-01|2021-03|2021-09|2021-10|2021-11|2022-01|2022-03|2022-05|2022-06|2022-09|2022-10|2022-11|2022-12|2023-05|2023-06|2023-07|2023-08|2023-10|2023-12|2024-01|2024-02|2024-04|2024-05|2024-07|2024-08|2024-09|2024-10|2024-11|2024-12|2025-01|2025-02|2025-06|2025-07|2025-11|2026-01|2026-02
0.2,1,PPI m/m,Bad,19,12,7,63.2,36.8,1.71,2018-11|2019-04|2020-02|2020-06|2020-08|2021-02|2021-04|2021-05|2021-06|2021-07|2021-08|2021-12|2022-02|2022-04|2022-07|2023-02|2023-09|2024-03|2025-08
0.3,1,PPI m/m,Good,15,7,8,46.7,53.3,0.87,2018-01|2018-09|2019-10|2020-03|2020-05|2020-07|2022-08|2023-01|2023-03|2023-04|2023-11|2024-06|2025-04|2025-05|2025-09
0.3,1,PPI m/m,Neutral,69,35,34,50.7,49.3,1.03,2018-02|2018-03|2018-04|2018-05|2018-06|2018-07|2018-08|2018-10|2018-12|2019-01|2019-02|2019-03|2019-04|2019-05|2019-06|2019-07|2019-08|2019-09|2019-11|2019-12|2020-01|2020-04|2020-08|2020-09|2020-10|2020-11|2020-12|2021-01|2021-03|2021-05|2021-09|2021-10|2021-11|2022-01|2022-03|2022-04|2022-05|2022-06|2022-09|2022-10|2022-11|2022-12|2023-02|2023-05|2023-06|2023-07|2023-08|2023-09|2023-10|2023-12|2024-01|2024-02|2024-03|2024-04|2024-05|2024-07|2024-08|2024-09|2024-10|2024-11|2024-12|2025-01|2025-02|2025-03|2025-06|2025-07|2025-11|2026-01|2026-02
0.3,1,PPI m/m,Bad,12,8,4,66.7,33.3,2.0,2018-11|2020-02|2020-06|2021-02|2021-04|2021-06|2021-07|2021-08|2021-12|2022-02|2022-07|2025-08
0.0,1,Core PPI m/m,Good,39,17,22,43.6,56.4,0.77,2018-01|2018-08|2018-09|2019-01|2019-03|2019-05|2019-08|2019-10|2019-12|2020-01|2020-03|2020-05|2020-07|2020-11|2020-12|2021-10|2021-11|2022-03|2022-05|2022-06|2022-07|2022-08|2022-11|2023-03|2023-04|2023-07|2023-11|2023-12|2024-01|2024-06|2024-08|2025-01|2025-03|2025-04|2025-05|2025-06|2025-07|2025-09|2025-11
0.0,1,Core PPI m/m,Bad,39,20,19,51.3,48.7,1.05,2018-02|2018-04|2018-06|2018-07|2018-11|2018-12|2019-02|2019-04|2019-07|2019-09|2019-11|2020-02|2020-04|2020-08|2020-09|2020-10|2021-02|2021-04|2021-05|2021-06|2021-07|2021-08|2021-09|2021-12|2022-02|2022-04|2022-09|2022-12|2023-02|2023-08|2023-10|2024-02|2024-03|2024-05|2024-07|2024-09|2025-08|2026-01|2026-02
0.0,1,Core PPI m/m,Neutral,18,13,5,72.2,27.8,2.6,2018-03|2018-05|2018-10|2019-06|2020-06|2021-01|2021-03|2022-01|2022-10|2023-01|2023-05|2023-06|2023-09|2024-04|2024-10|2024-11|2024-12|2025-02
0.1,1,Core PPI m/m,Good,28,11,17,39.3,60.7,0.65,2018-01|2018-09|2019-01|2019-08|2019-10|2019-12|2020-03|2020-05|2020-07|2021-10|2022-03|2022-05|2022-08|2022-11|2023-03|2023-04|2023-11|2023-12|2024-01|2024-06|2024-08|2025-01|2025-03|2025-04|2025-05|2025-06|2025-07|2025-09
0.1,1,Core PPI m/m,Bad,26,13,13,50.0,50.0,1.0,2018-02|2018-11|2018-12|2020-02|2020-04|2020-08|2020-09|2020-10|2021-02|2021-04|2021-05|2021-06|2021-07|2021-08|2021-12|2022-02|2022-04|2022-09|2022-12|2023-02|2024-02|2024-05|2024-07|2025-08|2026-01|2026-02
0.1,1,Core PPI m/m,Neutral,42,26,16,61.9,38.1,1.62,2018-03|2018-04|2018-05|2018-06|2018-07|2018-08|2018-10|2019-02|2019-03|2019-04|2019-05|2019-06|2019-07|2019-09|2019-11|2020-01|2020-06|2020-11|2020-12|2021-01|2021-03|2021-09|2021-11|2022-01|2022-06|2022-07|2022-10|2023-01|2023-05|2023-06|2023-07|2023-08|2023-09|2023-10|2024-03|2024-04|2024-09|2024-10|2024-11|2024-12|2025-02|2025-11
0.2,1,Core PPI m/m,Good,19,6,13,31.6,68.4,0.46,2018-01|2018-09|2019-01|2019-08|2019-10|2019-12|2020-03|2020-07|2021-10|2022-03|2022-11|2023-03|2023-04|2023-11|2024-06|2025-03|2025-04|2025-05|2025-09
0.2,1,Core PPI m/m,Neutral,62,36,26,58.1,41.9,1.38,2018-02|2018-03|2018-04|2018-05|2018-06|2018-07|2018-08|2018-10|2018-12|2019-02|2019-03|2019-04|2019-05|2019-06|2019-07|2019-09|2019-11|2020-01|2020-04|2020-05|2020-06|2020-09|2020-10|2020-11|2020-12|2021-01|2021-03|2021-06|2021-09|2021-11|2022-01|2022-05|2022-06|2022-07|2022-08|2022-09|2022-10|2022-12|2023-01|2023-02|2023-05|2023-06|2023-07|2023-08|2023-09|2023-10|2023-12|2024-01|2024-03|2024-04|2024-07|2024-08|2024-09|2024-10|2024-11|2024-12|2025-01|2025-02|2025-06|2025-07|2025-11|2026-01
0.2,1,Core PPI m/m,Bad,15,8,7,53.3,46.7,1.14,2018-11|2020-02|2020-08|2021-02|2021-04|2021-05|2021-07|2021-08|2021-12|2022-02|2022-04|2024-02|2024-05|2025-08|2026-02
0.3,1,Core PPI m/m,Good,15,3,12,20.0,80.0,0.25,2018-01|2018-09|2019-01|2019-08|2019-10|2019-12|2020-03|2020-07|2022-03|2023-03|2023-04|2025-03|2025-04|2025-05|2025-09
0.3,1,Core PPI m/m,Neutral,71,40,31,56.3,43.7,1.29,2018-02|2018-03|2018-04|2018-05|2018-06|2018-07|2018-08|2018-10|2018-11|2018-12|2019-02|2019-03|2019-04|2019-05|2019-06|2019-07|2019-09|2019-11|2020-01|2020-02|2020-04|2020-05|2020-06|2020-09|2020-10|2020-11|2020-12|2021-01|2021-03|2021-05|2021-06|2021-09|2021-10|2021-11|2021-12|2022-01|2022-05|2022-06|2022-07|2022-08|2022-09|2022-10|2022-11|2022-12|2023-01|2023-02|2023-05|2023-06|2023-07|2023-08|2023-09|2023-10|2023-11|2023-12|2024-01|2024-03|2024-04|2024-05|2024-06|2024-07|2024-08|2024-09|2024-10|2024-11|2024-12|2025-01|2025-02|2025-06|2025-07|2025-11|2026-01
0.3,1,Core PPI m/m,Bad,10,7,3,70.0,30.0,2.33,2020-08|2021-02|2021-04|2021-07|2021-08|2022-02|2022-04|2024-02|2025-08|2026-02
0.0,1,FOMC,Neutral,66,30,36,45.5,54.5,0.83,2018-01|2018-03|2018-05|2018-06|2018-08|2018-09|2018-11|2018-12|2019-01|2019-03|2019-05|2019-06|2019-07|2019-09|2019-10|2019-12|2020-01|2020-04|2020-06|2020-07|2020-09|2020-11|2020-12|2021-01|2021-03|2021-04|2021-06|2021-07|2021-09|2021-11|2021-12|2022-01|2022-03|2022-05|2022-06|2022-07|2022-09|2022-11|2022-12|2023-02|2023-03|2023-05|2023-06|2023-07|2023-09|2023-11|2023-12|2024-01|2024-03|2024-05|2024-06|2024-07|2024-09|2024-11|2024-12|2025-01|2025-03|2025-05|2025-06|2025-07|2025-09|2025-10|2025-12|2026-01|2026-03|2026-04
0.0,1,FOMC,Good,1,0,1,0.0,100.0,0.0,2020-03
0.1,1,FOMC,Neutral,66,30,36,45.5,54.5,0.83,2018-01|2018-03|2018-05|2018-06|2018-08|2018-09|2018-11|2018-12|2019-01|2019-03|2019-05|2019-06|2019-07|2019-09|2019-10|2019-12|2020-01|2020-04|2020-06|2020-07|2020-09|2020-11|2020-12|2021-01|2021-03|2021-04|2021-06|2021-07|2021-09|2021-11|2021-12|2022-01|2022-03|2022-05|2022-06|2022-07|2022-09|2022-11|2022-12|2023-02|2023-03|2023-05|2023-06|2023-07|2023-09|2023-11|2023-12|2024-01|2024-03|2024-05|2024-06|2024-07|2024-09|2024-11|2024-12|2025-01|2025-03|2025-05|2025-06|2025-07|2025-09|2025-10|2025-12|2026-01|2026-03|2026-04
0.1,1,FOMC,Good,1,0,1,0.0,100.0,0.0,2020-03
0.2,1,FOMC,Neutral,66,30,36,45.5,54.5,0.83,2018-01|2018-03|2018-05|2018-06|2018-08|2018-09|2018-11|2018-12|2019-01|2019-03|2019-05|2019-06|2019-07|2019-09|2019-10|2019-12|2020-01|2020-04|2020-06|2020-07|2020-09|2020-11|2020-12|2021-01|2021-03|2021-04|2021-06|2021-07|2021-09|2021-11|2021-12|2022-01|2022-03|2022-05|2022-06|2022-07|2022-09|2022-11|2022-12|2023-02|2023-03|2023-05|2023-06|2023-07|2023-09|2023-11|2023-12|2024-01|2024-03|2024-05|2024-06|2024-07|2024-09|2024-11|2024-12|2025-01|2025-03|2025-05|2025-06|2025-07|2025-09|2025-10|2025-12|2026-01|2026-03|2026-04
0.2,1,FOMC,Good,1,0,1,0.0,100.0,0.0,2020-03
0.3,1,FOMC,Neutral,66,30,36,45.5,54.5,0.83,2018-01|2018-03|2018-05|2018-06|2018-08|2018-09|2018-11|2018-12|2019-01|2019-03|2019-05|2019-06|2019-07|2019-09|2019-10|2019-12|2020-01|2020-04|2020-06|2020-07|2020-09|2020-11|2020-12|2021-01|2021-03|2021-04|2021-06|2021-07|2021-09|2021-11|2021-12|2022-01|2022-03|2022-05|2022-06|2022-07|2022-09|2022-11|2022-12|2023-02|2023-03|2023-05|2023-06|2023-07|2023-09|2023-11|2023-12|2024-01|2024-03|2024-05|2024-06|2024-07|2024-09|2024-11|2024-12|2025-01|2025-03|2025-05|2025-06|2025-07|2025-09|2025-10|2025-12|2026-01|2026-03|2026-04
0.3,1,FOMC,Good,1,0,1,0.0,100.0,0.0,2020-03
0.0,1,CPI y/y,Neutral,32,17,15,53.1,46.9,1.13,2018-01|2018-03|2018-04|2018-05|2018-06|2018-07|2018-08|2018-11|2018-12|2019-01|2019-07|2020-01|2020-07|2020-10|2020-12|2021-01|2021-02|2021-03|2021-09|2021-12|2022-01|2022-03|2023-01|2023-03|2023-12|2024-05|2024-09|2024-11|2024-12|2025-01|2025-09|2026-01
0.0,1,CPI y/y,Bad,34,20,14,58.8,41.2,1.43,2018-02|2019-02|2019-04|2019-08|2019-11|2019-12|2020-02|2020-03|2020-08|2020-09|2021-04|2021-05|2021-06|2021-07|2021-08|2021-10|2021-11|2022-02|2022-04|2022-05|2022-06|2022-07|2022-09|2022-10|2023-02|2023-09|2023-10|2024-01|2024-02|2024-03|2024-04|2024-10|2025-02|2025-07
0.0,1,CPI y/y,Good,31,12,19,38.7,61.3,0.63,2018-09|2018-10|2019-03|2019-05|2019-06|2019-09|2019-10|2020-04|2020-05|2020-06|2020-11|2022-08|2022-11|2022-12|2023-04|2023-05|2023-06|2023-07|2023-08|2023-11|2024-06|2024-07|2024-08|2025-03|2025-04|2025-05|2025-06|2025-08|2025-10|2025-12|2026-02
0.1,1,CPI y/y,Neutral,44,23,21,52.3,47.7,1.1,2018-01|2018-03|2018-04|2018-05|2018-06|2018-07|2018-08|2018-09|2018-11|2018-12|2019-01|2019-04|2019-06|2019-07|2020-01|2020-03|2020-07|2020-10|2020-12|2021-01|2021-02|2021-03|2021-09|2021-12|2022-01|2022-03|2022-04|2022-10|2023-01|2023-03|2023-04|2023-05|2023-06|2023-08|2023-11|2023-12|2024-05|2024-09|2024-11|2024-12|2025-01|2025-08|2025-09|2026-01
0.1,1,CPI y/y,Bad,30,18,12,60.0,40.0,1.5,2018-02|2019-02|2019-08|2019-11|2019-12|2020-02|2020-08|2020-09|2021-04|2021-05|2021-06|2021-07|2021-08|2021-10|2021-11|2022-02|2022-05|2022-06|2022-07|2022-09|2023-02|2023-09|2023-10|2024-01|2024-02|2024-03|2024-04|2024-10|2025-02|2025-07
0.1,1,CPI y/y,Good,23,8,15,34.8,65.2,0.53,2018-10|2019-03|2019-05|2019-09|2019-10|2020-04|2020-05|2020-06|2020-11|2022-08|2022-11|2022-12|2023-07|2024-06|2024-07|2024-08|2025-03|2025-04|2025-05|2025-06|2025-10|2025-12|2026-02
0.2,1,CPI y/y,Neutral,81,39,42,48.1,51.9,0.93,2018-01|2018-03|2018-04|2018-05|2018-06|2018-07|2018-08|2018-09|2018-10|2018-11|2018-12|2019-01|2019-02|2019-03|2019-04|2019-05|2019-06|2019-07|2019-08|2019-09|2019-10|2019-11|2019-12|2020-01|2020-02|2020-03|2020-04|2020-05|2020-06|2020-07|2020-09|2020-10|2020-11|2020-12|2021-01|2021-02|2021-03|2021-04|2021-08|2021-09|2021-10|2021-12|2022-01|2022-03|2022-04|2022-08|2022-10|2023-01|2023-03|2023-04|2023-05|2023-06|2023-07|2023-08|2023-09|2023-10|2023-11|2023-12|2024-01|2024-03|2024-04|2024-05|2024-06|2024-07|2024-08|2024-09|2024-10|2024-11|2024-12|2025-01|2025-02|2025-03|2025-04|2025-05|2025-06|2025-07|2025-08|2025-09|2025-10|2026-01|2026-02
0.2,1,CPI y/y,Bad,13,10,3,76.9,23.1,3.33,2018-02|2020-08|2021-05|2021-06|2021-07|2021-11|2022-02|2022-05|2022-06|2022-07|2022-09|2023-02|2024-02
0.2,1,CPI y/y,Good,3,0,3,0.0,100.0,0.0,2022-11|2022-12|2025-12
0.3,1,CPI y/y,Neutral,92,46,46,50.0,50.0,1.0,2018-01|2018-02|2018-03|2018-04|2018-05|2018-06|2018-07|2018-08|2018-09|2018-10|2018-11|2018-12|2019-01|2019-02|2019-03|2019-04|2019-05|2019-06|2019-07|2019-08|2019-09|2019-10|2019-11|2019-12|2020-01|2020-02|2020-03|2020-04|2020-05|2020-06|2020-07|2020-09|2020-10|2020-11|2020-12|2021-01|2021-02|2021-03|2021-04|2021-06|2021-08|2021-09|2021-10|2021-11|2021-12|2022-01|2022-02|2022-03|2022-04|2022-05|2022-06|2022-08|2022-09|2022-10|2022-11|2022-12|2023-01|2023-02|2023-03|2023-04|2023-05|2023-06|2023-07|2023-08|2023-09|2023-10|2023-11|2023-12|2024-01|2024-02|2024-03|2024-04|2024-05|2024-06|2024-07|2024-08|2024-09|2024-10|2024-11|2024-12|2025-01|2025-02|2025-03|2025-04|2025-05|2025-06|2025-07|2025-08|2025-09|2025-10|2026-01|2026-02
0.3,1,CPI y/y,Bad,4,3,1,75.0,25.0,3.0,2020-08|2021-05|2021-07|2022-07
0.3,1,CPI y/y,Good,1,0,1,0.0,100.0,0.0,2025-12
0.0,2,CPI m/m|Core CPI m/m,Neutral|Bad,9,2,7,22.2,77.8,0.29,2018-01|2018-06|2019-08|2019-09|2023-03|2023-05|2023-09|2024-03|2024-09
0.0,2,CPI m/m|Core CPI m/m,Bad|Bad,22,14,8,63.6,36.4,1.75,2018-02|2019-07|2020-07|2020-08|2020-09|2020-12|2021-04|2021-05|2021-06|2021-07|2021-11|2022-01|2022-02|2022-05|2022-06|2022-07|2022-09|2022-10|2024-02|2024-04|2024-10|2025-02
0.0,2,CPI m/m|Core CPI m/m,Neutral|Neutral,15,10,5,66.7,33.3,2.0,2018-03|2018-08|2018-11|2018-12|2019-01|2020-10|2021-01|2022-03|2023-01|2023-02|2023-08|2024-08|2024-11|2024-12|2025-08
0.0,2,CPI m/m|Core CPI m/m,Good|Neutral,8,4,4,50.0,50.0,1.0,2018-04|2018-07|2019-02|2020-02|2023-04|2023-06|2024-05|2026-02
0.0,2,CPI m/m|Core CPI m/m,Good|Good,22,10,12,45.5,54.5,0.83,2018-05|2018-09|2018-10|2019-05|2019-10|2020-04|2020-05|2020-06|2020-11|2021-09|2022-08|2022-11|2022-12|2023-07|2023-11|2024-06|2024-07|2025-03|2025-04|2025-05|2025-06|2025-10
0.0,2,CPI m/m|Core CPI m/m,Neutral|Good,10,6,4,60.0,40.0,1.5,2019-03|2019-06|2020-01|2021-02|2021-03|2021-08|2022-04|2025-01|2025-07|2026-01
0.0,2,CPI m/m|Core CPI m/m,Bad|Good,1,1,0,100.0,0.0,inf,2019-04
0.0,2,CPI m/m|Core CPI m/m,Bad|Neutral,9,2,7,22.2,77.8,0.29,2019-11|2019-12|2020-03|2021-10|2021-12|2023-10|2023-12|2024-01|2025-09
0.1,2,CPI m/m|Core CPI m/m,Neutral|Neutral,56,26,30,46.4,53.6,0.87,2018-01|2018-03|2018-04|2018-05|2018-06|2018-07|2018-08|2018-09|2018-10|2018-11|2018-12|2019-01|2019-02|2019-03|2019-06|2019-07|2019-08|2019-09|2019-10|2019-12|2020-01|2020-02|2020-03|2020-06|2020-07|2020-10|2020-12|2021-01|2021-03|2021-04|2022-01|2022-03|2023-01|2023-02|2023-03|2023-04|2023-06|2023-07|2023-08|2023-09|2023-11|2023-12|2024-01|2024-06|2024-08|2024-09|2024-10|2024-11|2024-12|2025-01|2025-03|2025-05|2025-07|2025-08|2026-01|2026-02
0.1,2,CPI m/m|Core CPI m/m,Bad|Neutral,9,5,4,55.6,44.4,1.25,2018-02|2019-04|2019-11|2021-10|2021-12|2022-02|2022-06|2023-10|2025-09
0.1,2,CPI m/m|Core CPI m/m,Good|Neutral,5,1,4,20.0,80.0,0.25,2019-05|2022-12|2024-05|2024-07|2025-10
0.1,2,CPI m/m|Core CPI m/m,Good|Good,6,3,3,50.0,50.0,1.0,2020-04|2020-05|2021-09|2022-08|2022-11|2025-04
0.1,2,CPI m/m|Core CPI m/m,Bad|Bad,11,8,3,72.7,27.3,2.67,2020-08|2020-09|2021-05|2021-06|2021-07|2021-11|2022-07|2022-09|2022-10|2024-04|2025-02
0.1,2,CPI m/m|Core CPI m/m,Neutral|Good,5,4,1,80.0,20.0,4.0,2020-11|2021-02|2021-08|2022-04|2025-06
0.1,2,CPI m/m|Core CPI m/m,Neutral|Bad,4,2,2,50.0,50.0,1.0,2022-05|2023-05|2024-02|2024-03
0.2,2,CPI m/m|Core CPI m/m,Neutral|Neutral,90,45,45,50.0,50.0,1.0,2018-01|2018-02|2018-03|2018-04|2018-05|2018-06|2018-07|2018-08|2018-09|2018-10|2018-11|2018-12|2019-01|2019-02|2019-03|2019-04|2019-05|2019-06|2019-07|2019-08|2019-09|2019-10|2019-11|2019-12|2020-01|2020-02|2020-03|2020-04|2020-05|2020-06|2020-07|2020-09|2020-10|2020-11|2020-12|2021-01|2021-02|2021-03|2021-04|2021-06|2021-08|2021-09|2021-10|2021-12|2022-01|2022-02|2022-03|2022-04|2022-05|2022-07|2022-08|2022-10|2022-11|2022-12|2023-01|2023-02|2023-03|2023-04|2023-05|2023-06|2023-07|2023-08|2023-09|2023-10|2023-11|2023-12|2024-01|2024-02|2024-03|2024-04|2024-05|2024-06|2024-07|2024-08|2024-09|2024-10|2024-11|2024-12|2025-01|2025-02|2025-03|2025-04|2025-05|2025-06|2025-07|2025-08|2025-09|2025-10|2026-01|2026-02
0.2,2,CPI m/m|Core CPI m/m,Bad|Bad,3,2,1,66.7,33.3,2.0,2020-08|2021-05|2021-07
0.2,2,CPI m/m|Core CPI m/m,Bad|Neutral,2,2,0,100.0,0.0,inf,2021-11|2022-06
0.2,2,CPI m/m|Core CPI m/m,Neutral|Bad,1,0,1,0.0,100.0,0.0,2022-09
0.3,2,CPI m/m|Core CPI m/m,Neutral|Neutral,91,45,46,49.5,50.5,0.98,2018-01|2018-02|2018-03|2018-04|2018-05|2018-06|2018-07|2018-08|2018-09|2018-10|2018-11|2018-12|2019-01|2019-02|2019-03|2019-04|2019-05|2019-06|2019-07|2019-08|2019-09|2019-10|2019-11|2019-12|2020-01|2020-02|2020-03|2020-04|2020-05|2020-06|2020-07|2020-09|2020-10|2020-11|2020-12|2021-01|2021-02|2021-03|2021-04|2021-06|2021-08|2021-09|2021-10|2021-12|2022-01|2022-02|2022-03|2022-04|2022-05|2022-07|2022-08|2022-09|2022-10|2022-11|2022-12|2023-01|2023-02|2023-03|2023-04|2023-05|2023-06|2023-07|2023-08|2023-09|2023-10|2023-11|2023-12|2024-01|2024-02|2024-03|2024-04|2024-05|2024-06|2024-07|2024-08|2024-09|2024-10|2024-11|2024-12|2025-01|2025-02|2025-03|2025-04|2025-05|2025-06|2025-07|2025-08|2025-09|2025-10|2026-01|2026-02
0.3,2,CPI m/m|Core CPI m/m,Neutral|Bad,1,1,0,100.0,0.0,inf,2020-08
0.3,2,CPI m/m|Core CPI m/m,Bad|Bad,2,1,1,50.0,50.0,1.0,2021-05|2021-07
0.3,2,CPI m/m|Core CPI m/m,Bad|Neutral,2,2,0,100.0,0.0,inf,2021-11|2022-06
0.0,2,CPI m/m|PPI m/m,Neutral|Good,13,7,6,53.8,46.2,1.17,2018-01|2018-08|2019-01|2019-03|2020-01|2021-01|2022-03|2023-01|2023-03|2023-05|2024-08|2025-01|2025-07
0.0,2,CPI m/m|PPI m/m,Bad|Neutral,8,5,3,62.5,37.5,1.67,2018-02|2019-07|2020-12|2021-11|2022-05|2022-06|2022-09|2023-12
0.0,2,CPI m/m|PPI m/m,Neutral|Bad,18,10,8,55.6,44.4,1.25,2018-03|2018-06|2018-11|2018-12|2019-09|2020-10|2021-02|2021-03|2021-08|2022-04|2023-02|2023-08|2023-09|2024-03|2024-09|2024-12|2025-08|2026-01
0.0,2,CPI m/m|PPI m/m,Good|Bad,11,5,6,45.5,54.5,0.83,2018-04|2018-07|2020-02|2020-04|2020-06|2020-11|2021-09|2022-12|2024-05|2024-07|2026-02
0.0,2,CPI m/m|PPI m/m,Good|Good,16,8,8,50.0,50.0,1.0,2018-05|2018-09|2019-02|2019-10|2020-05|2022-08|2022-11|2023-04|2023-06|2023-07|2023-11|2024-06|2025-03|2025-04|2025-05|2025-06
0.0,2,CPI m/m|PPI m/m,Good|Neutral,2,1,1,50.0,50.0,1.0,2018-10|2019-05
0.0,2,CPI m/m|PPI m/m,Bad|Bad,15,9,6,60.0,40.0,1.5,2019-04|2019-11|2020-08|2020-09|2021-04|2021-05|2021-06|2021-07|2021-12|2022-02|2022-07|2022-10|2023-10|2024-02|2025-02
0.0,2,CPI m/m|PPI m/m,Neutral|Neutral,3,1,2,33.3,66.7,0.5,2019-06|2019-08|2024-11
0.0,2,CPI m/m|PPI m/m,Bad|Good,9,3,6,33.3,66.7,0.5,2019-12|2020-03|2020-07|2021-10|2022-01|2024-01|2024-04|2024-10|2025-09
0.1,2,CPI m/m|PPI m/m,Neutral|Good,22,12,10,54.5,45.5,1.2,2018-01|2018-08|2018-09|2019-02|2019-10|2019-12|2020-03|2020-07|2021-01|2022-01|2022-03|2023-01|2023-03|2023-04|2023-06|2023-11|2024-01|2024-06|2025-01|2025-03|2025-05|2025-07
0.1,2,CPI m/m|PPI m/m,Bad|Neutral,7,6,1,85.7,14.3,6.0,2018-02|2020-09|2021-10|2021-11|2022-06|2022-09|2024-04
0.1,2,CPI m/m|PPI m/m,Neutral|Neutral,25,11,14,44.0,56.0,0.79,2018-03|2018-05|2018-07|2018-10|2018-12|2019-01|2019-03|2019-06|2019-07|2019-08|2019-09|2020-01|2020-11|2020-12|2021-03|2022-05|2023-05|2023-07|2023-08|2023-12|2024-08|2024-09|2024-10|2024-11|2025-06
0.1,2,CPI m/m|PPI m/m,Neutral|Bad,18,9,9,50.0,50.0,1.0,2018-04|2018-06|2018-11|2020-02|2020-06|2020-10|2021-02|2021-04|2021-08|2022-04|2023-02|2023-09|2024-02|2024-03|2024-12|2025-08|2026-01|2026-02
0.1,2,CPI m/m|PPI m/m,Bad|Bad,12,7,5,58.3,41.7,1.4,2019-04|2019-11|2020-08|2021-05|2021-06|2021-07|2021-12|2022-02|2022-07|2022-10|2023-10|2025-02
0.1,2,CPI m/m|PPI m/m,Good|Neutral,5,2,3,40.0,60.0,0.67,2019-05|2020-04|2021-09|2022-12|2024-07
0.1,2,CPI m/m|PPI m/m,Good|Good,4,2,2,50.0,50.0,1.0,2020-05|2022-08|2022-11|2025-04
0.1,2,CPI m/m|PPI m/m,Good|Bad,1,0,1,0.0,100.0,0.0,2024-05
0.1,2,CPI m/m|PPI m/m,Bad|Good,1,0,1,0.0,100.0,0.0,2025-09
0.2,2,CPI m/m|PPI m/m,Neutral|Good,16,7,9,43.8,56.2,0.78,2018-01|2018-09|2019-10|2020-03|2020-05|2020-07|2022-08|2023-01|2023-03|2023-04|2023-11|2024-06|2025-03|2025-04|2025-05|2025-09
0.2,2,CPI m/m|PPI m/m,Neutral|Neutral,58,28,30,48.3,51.7,0.93,2018-02|2018-03|2018-04|2018-05|2018-06|2018-07|2018-08|2018-10|2018-12|2019-01|2019-02|2019-03|2019-05|2019-06|2019-07|2019-08|2019-09|2019-11|2019-12|2020-01|2020-04|2020-09|2020-10|2020-11|2020-12|2021-01|2021-03|2021-09|2021-10|2022-01|2022-03|2022-05|2022-09|2022-10|2022-11|2022-12|2023-05|2023-06|2023-07|2023-08|2023-10|2023-12|2024-01|2024-02|2024-04|2024-05|2024-07|2024-08|2024-09|2024-10|2024-11|2024-12|2025-01|2025-02|2025-06|2025-07|2026-01|2026-02
0.2,2,CPI m/m|PPI m/m,Neutral|Bad,16,10,6,62.5,37.5,1.67,2018-11|2019-04|2020-02|2020-06|2021-02|2021-04|2021-06|2021-08|2021-12|2022-02|2022-04|2022-07|2023-02|2023-09|2024-03|2025-08
0.2,2,CPI m/m|PPI m/m,Bad|Bad,3,2,1,66.7,33.3,2.0,2020-08|2021-05|2021-07
0.2,2,CPI m/m|PPI m/m,Bad|Neutral,2,2,0,100.0,0.0,inf,2021-11|2022-06
0.3,2,CPI m/m|PPI m/m,Neutral|Good,15,7,8,46.7,53.3,0.87,2018-01|2018-09|2019-10|2020-03|2020-05|2020-07|2022-08|2023-01|2023-03|2023-04|2023-11|2024-06|2025-04|2025-05|2025-09
0.3,2,CPI m/m|PPI m/m,Neutral|Neutral,65,32,33,49.2,50.8,0.97,2018-02|2018-03|2018-04|2018-05|2018-06|2018-07|2018-08|2018-10|2018-12|2019-01|2019-02|2019-03|2019-04|2019-05|2019-06|2019-07|2019-08|2019-09|2019-11|2019-12|2020-01|2020-04|2020-08|2020-09|2020-10|2020-11|2020-12|2021-01|2021-03|2021-09|2021-10|2022-01|2022-03|2022-04|2022-05|2022-09|2022-10|2022-11|2022-12|2023-02|2023-05|2023-06|2023-07|2023-08|2023-09|2023-10|2023-12|2024-01|2024-02|2024-03|2024-04|2024-05|2024-07|2024-08|2024-09|2024-10|2024-11|2024-12|2025-01|2025-02|2025-03|2025-06|2025-07|2026-01|2026-02
0.3,2,CPI m/m|PPI m/m,Neutral|Bad,11,7,4,63.6,36.4,1.75,2018-11|2020-02|2020-06|2021-02|2021-04|2021-06|2021-08|2021-12|2022-02|2022-07|2025-08
0.3,2,CPI m/m|PPI m/m,Bad|Neutral,3,2,1,66.7,33.3,2.0,2021-05|2021-11|2022-06
0.3,2,CPI m/m|PPI m/m,Bad|Bad,1,1,0,100.0,0.0,inf,2021-07
0.0,2,CPI m/m|Core PPI m/m,Neutral|Good,11,5,6,45.5,54.5,0.83,2018-01|2018-08|2019-01|2019-03|2019-08|2020-01|2022-03|2023-03|2024-08|2025-01|2025-07
0.0,2,CPI m/m|Core PPI m/m,Bad|Bad,15,9,6,60.0,40.0,1.5,2018-02|2019-04|2019-07|2019-11|2020-08|2020-09|2021-04|2021-05|2021-06|2021-07|2021-12|2022-02|2022-09|2023-10|2024-02
0.0,2,CPI m/m|Core PPI m/m,Neutral|Neutral,9,6,3,66.7,33.3,2.0,2018-03|2019-06|2021-01|2021-03|2023-01|2023-05|2023-09|2024-11|2024-12
0.0,2,CPI m/m|Core PPI m/m,Good|Bad,10,4,6,40.0,60.0,0.67,2018-04|2018-07|2019-02|2020-02|2020-04|2021-09|2022-12|2024-05|2024-07|2026-02
0.0,2,CPI m/m|Core PPI m/m,Good|Neutral,4,4,0,100.0,0.0,inf,2018-05|2018-10|2020-06|2023-06
0.0,2,CPI m/m|Core PPI m/m,Neutral|Bad,14,7,7,50.0,50.0,1.0,2018-06|2018-11|2018-12|2019-09|2020-10|2021-02|2021-08|2022-04|2023-02|2023-08|2024-03|2024-09|2025-08|2026-01
0.0,2,CPI m/m|Core PPI m/m,Good|Good,15,6,9,40.0,60.0,0.67,2018-09|2019-05|2019-10|2020-05|2020-11|2022-08|2022-11|2023-04|2023-07|2023-11|2024-06|2025-03|2025-04|2025-05|2025-06
0.0,2,CPI m/m|Core PPI m/m,Bad|Good,12,5,7,41.7,58.3,0.71,2019-12|2020-03|2020-07|2020-12|2021-10|2021-11|2022-05|2022-06|2022-07|2023-12|2024-01|2025-09
0.0,2,CPI m/m|Core PPI m/m,Bad|Neutral,5,3,2,60.0,40.0,1.5,2022-01|2022-10|2024-04|2024-10|2025-02
0.1,2,CPI m/m|Core PPI m/m,Neutral|Good,22,8,14,36.4,63.6,0.57,2018-01|2018-09|2019-01|2019-08|2019-10|2019-12|2020-03|2020-07|2022-03|2022-05|2023-03|2023-04|2023-11|2023-12|2024-01|2024-06|2024-08|2025-01|2025-03|2025-05|2025-06|2025-07
0.1,2,CPI m/m|Core PPI m/m,Bad|Bad,9,5,4,55.6,44.4,1.25,2018-02|2020-08|2020-09|2021-05|2021-06|2021-07|2021-12|2022-02|2022-09
0.1,2,CPI m/m|Core PPI m/m,Neutral|Neutral,30,17,13,56.7,43.3,1.31,2018-03|2018-04|2018-05|2018-06|2018-07|2018-08|2018-10|2019-02|2019-03|2019-06|2019-07|2019-09|2020-01|2020-06|2020-11|2020-12|2021-01|2021-03|2022-01|2023-01|2023-05|2023-06|2023-07|2023-08|2023-09|2024-03|2024-09|2024-10|2024-11|2024-12
0.1,2,CPI m/m|Core PPI m/m,Neutral|Bad,13,7,6,53.8,46.2,1.17,2018-11|2018-12|2020-02|2020-10|2021-02|2021-04|2021-08|2022-04|2023-02|2024-02|2025-08|2026-01|2026-02
0.1,2,CPI m/m|Core PPI m/m,Bad|Neutral,9,7,2,77.8,22.2,3.5,2019-04|2019-11|2021-11|2022-06|2022-07|2022-10|2023-10|2024-04|2025-02
0.1,2,CPI m/m|Core PPI m/m,Good|Neutral,2,1,1,50.0,50.0,1.0,2019-05|2021-09
0.1,2,CPI m/m|Core PPI m/m,Good|Bad,4,1,3,25.0,75.0,0.33,2020-04|2022-12|2024-05|2024-07
0.1,2,CPI m/m|Core PPI m/m,Good|Good,4,2,2,50.0,50.0,1.0,2020-05|2022-08|2022-11|2025-04
0.1,2,CPI m/m|Core PPI m/m,Bad|Good,2,1,1,50.0,50.0,1.0,2021-10|2025-09
0.2,2,CPI m/m|Core PPI m/m,Neutral|Good,19,6,13,31.6,68.4,0.46,2018-01|2018-09|2019-01|2019-08|2019-10|2019-12|2020-03|2020-07|2021-10|2022-03|2022-11|2023-03|2023-04|2023-11|2024-06|2025-03|2025-04|2025-05|2025-09
0.2,2,CPI m/m|Core PPI m/m,Neutral|Neutral,59,33,26,55.9,44.1,1.27,2018-02|2018-03|2018-04|2018-05|2018-06|2018-07|2018-08|2018-10|2018-12|2019-02|2019-03|2019-04|2019-05|2019-06|2019-07|2019-09|2019-11|2020-01|2020-04|2020-05|2020-06|2020-09|2020-10|2020-11|2020-12|2021-01|2021-03|2021-06|2021-09|2022-01|2022-05|2022-07|2022-08|2022-09|2022-10|2022-12|2023-01|2023-02|2023-05|2023-06|2023-07|2023-08|2023-09|2023-10|2023-12|2024-01|2024-03|2024-04|2024-07|2024-08|2024-09|2024-10|2024-11|2024-12|2025-01|2025-02|2025-06|2025-07|2026-01
0.2,2,CPI m/m|Core PPI m/m,Neutral|Bad,12,6,6,50.0,50.0,1.0,2018-11|2020-02|2021-02|2021-04|2021-08|2021-12|2022-02|2022-04|2024-02|2024-05|2025-08|2026-02
0.2,2,CPI m/m|Core PPI m/m,Bad|Bad,3,2,1,66.7,33.3,2.0,2020-08|2021-05|2021-07
0.2,2,CPI m/m|Core PPI m/m,Bad|Neutral,2,2,0,100.0,0.0,inf,2021-11|2022-06
0.3,2,CPI m/m|Core PPI m/m,Neutral|Good,15,3,12,20.0,80.0,0.25,2018-01|2018-09|2019-01|2019-08|2019-10|2019-12|2020-03|2020-07|2022-03|2023-03|2023-04|2025-03|2025-04|2025-05|2025-09
0.3,2,CPI m/m|Core PPI m/m,Neutral|Neutral,67,37,30,55.2,44.8,1.23,2018-02|2018-03|2018-04|2018-05|2018-06|2018-07|2018-08|2018-10|2018-11|2018-12|2019-02|2019-03|2019-04|2019-05|2019-06|2019-07|2019-09|2019-11|2020-01|2020-02|2020-04|2020-05|2020-06|2020-09|2020-10|2020-11|2020-12|2021-01|2021-03|2021-06|2021-09|2021-10|2021-12|2022-01|2022-05|2022-07|2022-08|2022-09|2022-10|2022-11|2022-12|2023-01|2023-02|2023-05|2023-06|2023-07|2023-08|2023-09|2023-10|2023-11|2023-12|2024-01|2024-03|2024-04|2024-05|2024-06|2024-07|2024-08|2024-09|2024-10|2024-11|2024-12|2025-01|2025-02|2025-06|2025-07|2026-01
0.3,2,CPI m/m|Core PPI m/m,Neutral|Bad,9,6,3,66.7,33.3,2.0,2020-08|2021-02|2021-04|2021-08|2022-02|2022-04|2024-02|2025-08|2026-02
0.3,2,CPI m/m|Core PPI m/m,Bad|Neutral,3,2,1,66.7,33.3,2.0,2021-05|2021-11|2022-06
0.3,2,CPI m/m|Core PPI m/m,Bad|Bad,1,1,0,100.0,0.0,inf,2021-07
0.0,2,CPI m/m|FOMC,Neutral|Neutral,25,12,13,48.0,52.0,0.92,2018-01|2018-03|2018-06|2018-08|2018-11|2018-12|2019-01|2019-03|2019-06|2019-09|2020-01|2021-01|2021-03|2022-03|2023-02|2023-03|2023-05|2023-09|2024-03|2024-09|2024-11|2024-12|2025-01|2025-07|2026-01
0.0,2,CPI m/m|FOMC,Good|Neutral,20,8,12,40.0,60.0,0.67,2018-05|2018-09|2019-05|2019-10|2020-04|2020-06|2020-11|2021-09|2022-11|2022-12|2023-06|2023-07|2023-11|2024-05|2024-06|2024-07|2025-03|2025-05|2025-06|2025-10
0.0,2,CPI m/m|FOMC,Bad|Neutral,18,9,9,50.0,50.0,1.0,2019-07|2019-12|2020-07|2020-09|2020-12|2021-04|2021-06|2021-07|2021-11|2021-12|2022-01|2022-05|2022-06|2022-07|2022-09|2023-12|2024-01|2025-09
0.0,2,CPI m/m|FOMC,Bad|Good,1,0,1,0.0,100.0,0.0,2020-03
0.1,2,CPI m/m|FOMC,Neutral|Neutral,46,21,25,45.7,54.3,0.84,2018-01|2018-03|2018-05|2018-06|2018-08|2018-09|2018-11|2018-12|2019-01|2019-03|2019-06|2019-07|2019-09|2019-10|2019-12|2020-01|2020-06|2020-07|2020-11|2020-12|2021-01|2021-03|2021-04|2022-01|2022-03|2022-05|2023-02|2023-03|2023-05|2023-06|2023-07|2023-09|2023-11|2023-12|2024-01|2024-03|2024-06|2024-09|2024-11|2024-12|2025-01|2025-03|2025-05|2025-06|2025-07|2026-01
0.1,2,CPI m/m|FOMC,Good|Neutral,8,2,6,25.0,75.0,0.33,2019-05|2020-04|2021-09|2022-11|2022-12|2024-05|2024-07|2025-10
0.1,2,CPI m/m|FOMC,Neutral|Good,1,0,1,0.0,100.0,0.0,2020-03
0.1,2,CPI m/m|FOMC,Bad|Neutral,9,6,3,66.7,33.3,2.0,2020-09|2021-06|2021-07|2021-11|2021-12|2022-06|2022-07|2022-09|2025-09
0.2,2,CPI m/m|FOMC,Neutral|Neutral,60,26,34,43.3,56.7,0.76,2018-01|2018-03|2018-05|2018-06|2018-08|2018-09|2018-11|2018-12|2019-01|2019-03|2019-05|2019-06|2019-07|2019-09|2019-10|2019-12|2020-01|2020-04|2020-06|2020-07|2020-09|2020-11|2020-12|2021-01|2021-03|2021-04|2021-06|2021-09|2021-12|2022-01|2022-03|2022-05|2022-07|2022-09|2022-11|2022-12|2023-02|2023-03|2023-05|2023-06|2023-07|2023-09|2023-11|2023-12|2024-01|2024-03|2024-05|2024-06|2024-07|2024-09|2024-11|2024-12|2025-01|2025-03|2025-05|2025-06|2025-07|2025-09|2025-10|2026-01
0.2,2,CPI m/m|FOMC,Neutral|Good,1,0,1,0.0,100.0,0.0,2020-03
0.2,2,CPI m/m|FOMC,Bad|Neutral,3,3,0,100.0,0.0,inf,2021-07|2021-11|2022-06
0.3,2,CPI m/m|FOMC,Neutral|Neutral,60,26,34,43.3,56.7,0.76,2018-01|2018-03|2018-05|2018-06|2018-08|2018-09|2018-11|2018-12|2019-01|2019-03|2019-05|2019-06|2019-07|2019-09|2019-10|2019-12|2020-01|2020-04|2020-06|2020-07|2020-09|2020-11|2020-12|2021-01|2021-03|2021-04|2021-06|2021-09|2021-12|2022-01|2022-03|2022-05|2022-07|2022-09|2022-11|2022-12|2023-02|2023-03|2023-05|2023-06|2023-07|2023-09|2023-11|2023-12|2024-01|2024-03|2024-05|2024-06|2024-07|2024-09|2024-11|2024-12|2025-01|2025-03|2025-05|2025-06|2025-07|2025-09|2025-10|2026-01
0.3,2,CPI m/m|FOMC,Neutral|Good,1,0,1,0.0,100.0,0.0,2020-03
0.3,2,CPI m/m|FOMC,Bad|Neutral,3,3,0,100.0,0.0,inf,2021-07|2021-11|2022-06
0.0,2,CPI m/m|CPI y/y,Neutral|Neutral,20,12,8,60.0,40.0,1.5,2018-01|2018-03|2018-06|2018-08|2018-11|2018-12|2019-01|2020-01|2020-10|2021-01|2021-02|2021-03|2022-03|2023-01|2023-03|2024-09|2024-11|2024-12|2025-01|2026-01
0.0,2,CPI m/m|CPI y/y,Bad|Bad,25,15,10,60.0,40.0,1.5,2018-02|2019-04|2019-11|2019-12|2020-03|2020-08|2020-09|2021-04|2021-05|2021-06|2021-07|2021-10|2021-11|2022-02|2022-05|2022-06|2022-07|2022-09|2022-10|2023-10|2024-01|2024-02|2024-04|2024-10|2025-02
0.0,2,CPI m/m|CPI y/y,Good|Neutral,5,3,2,60.0,40.0,1.5,2018-04|2018-05|2018-07|2021-09|2024-05
0.0,2,CPI m/m|CPI y/y,Good|Good,23,10,13,43.5,56.5,0.77,2018-09|2018-10|2019-05|2019-10|2020-04|2020-05|2020-06|2020-11|2022-08|2022-11|2022-12|2023-04|2023-06|2023-07|2023-11|2024-06|2024-07|2025-03|2025-04|2025-05|2025-06|2025-10|2026-02
0.0,2,CPI m/m|CPI y/y,Good|Bad,2,1,1,50.0,50.0,1.0,2019-02|2020-02
0.0,2,CPI m/m|CPI y/y,Neutral|Good,7,2,5,28.6,71.4,0.4,2019-03|2019-06|2019-09|2023-05|2023-08|2024-08|2025-08
0.0,2,CPI m/m|CPI y/y,Bad|Neutral,7,2,5,28.6,71.4,0.4,2019-07|2020-07|2020-12|2021-12|2022-01|2023-12|2025-09
0.0,2,CPI m/m|CPI y/y,Neutral|Bad,7,4,3,57.1,42.9,1.33,2019-08|2021-08|2022-04|2023-02|2023-09|2024-03|2025-07
0.1,2,CPI m/m|CPI y/y,Neutral|Neutral,38,21,17,55.3,44.7,1.24,2018-01|2018-03|2018-04|2018-05|2018-06|2018-07|2018-08|2018-09|2018-11|2018-12|2019-01|2019-06|2019-07|2020-01|2020-03|2020-07|2020-10|2020-12|2021-01|2021-02|2021-03|2022-01|2022-03|2022-04|2023-01|2023-03|2023-04|2023-05|2023-06|2023-08|2023-11|2023-12|2024-09|2024-11|2024-12|2025-01|2025-08|2026-01
0.1,2,CPI m/m|CPI y/y,Bad|Bad,16,12,4,75.0,25.0,3.0,2018-02|2019-11|2020-08|2020-09|2021-05|2021-06|2021-07|2021-10|2021-11|2022-02|2022-06|2022-07|2022-09|2023-10|2024-04|2025-02
0.1,2,CPI m/m|CPI y/y,Neutral|Good,13,5,8,38.5,61.5,0.63,2018-10|2019-03|2019-09|2019-10|2020-06|2020-11|2023-07|2024-06|2024-08|2025-03|2025-05|2025-06|2026-02
0.1,2,CPI m/m|CPI y/y,Neutral|Bad,14,6,8,42.9,57.1,0.75,2019-02|2019-08|2019-12|2020-02|2021-04|2021-08|2022-05|2023-02|2023-09|2024-01|2024-02|2024-03|2024-10|2025-07
0.1,2,CPI m/m|CPI y/y,Bad|Neutral,4,1,3,25.0,75.0,0.33,2019-04|2021-12|2022-10|2025-09
0.1,2,CPI m/m|CPI y/y,Good|Good,9,3,6,33.3,66.7,0.5,2019-05|2020-04|2020-05|2022-08|2022-11|2022-12|2024-07|2025-04|2025-10
0.1,2,CPI m/m|CPI y/y,Good|Neutral,2,1,1,50.0,50.0,1.0,2021-09|2024-05
0.2,2,CPI m/m|CPI y/y,Neutral|Neutral,81,39,42,48.1,51.9,0.93,2018-01|2018-03|2018-04|2018-05|2018-06|2018-07|2018-08|2018-09|2018-10|2018-11|2018-12|2019-01|2019-02|2019-03|2019-04|2019-05|2019-06|2019-07|2019-08|2019-09|2019-10|2019-11|2019-12|2020-01|2020-02|2020-03|2020-04|2020-05|2020-06|2020-07|2020-09|2020-10|2020-11|2020-12|2021-01|2021-02|2021-03|2021-04|2021-08|2021-09|2021-10|2021-12|2022-01|2022-03|2022-04|2022-08|2022-10|2023-01|2023-03|2023-04|2023-05|2023-06|2023-07|2023-08|2023-09|2023-10|2023-11|2023-12|2024-01|2024-03|2024-04|2024-05|2024-06|2024-07|2024-08|2024-09|2024-10|2024-11|2024-12|2025-01|2025-02|2025-03|2025-04|2025-05|2025-06|2025-07|2025-08|2025-09|2025-10|2026-01|2026-02
0.2,2,CPI m/m|CPI y/y,Neutral|Bad,8,6,2,75.0,25.0,3.0,2018-02|2021-06|2022-02|2022-05|2022-07|2022-09|2023-02|2024-02
0.2,2,CPI m/m|CPI y/y,Bad|Bad,5,4,1,80.0,20.0,4.0,2020-08|2021-05|2021-07|2021-11|2022-06
0.2,2,CPI m/m|CPI y/y,Neutral|Good,2,0,2,0.0,100.0,0.0,2022-11|2022-12
0.3,2,CPI m/m|CPI y/y,Neutral|Neutral,90,44,46,48.9,51.1,0.96,2018-01|2018-02|2018-03|2018-04|2018-05|2018-06|2018-07|2018-08|2018-09|2018-10|2018-11|2018-12|2019-01|2019-02|2019-03|2019-04|2019-05|2019-06|2019-07|2019-08|2019-09|2019-10|2019-11|2019-12|2020-01|2020-02|2020-03|2020-04|2020-05|2020-06|2020-07|2020-09|2020-10|2020-11|2020-12|2021-01|2021-02|2021-03|2021-04|2021-06|2021-08|2021-09|2021-10|2021-12|2022-01|2022-02|2022-03|2022-04|2022-05|2022-08|2022-09|2022-10|2022-11|2022-12|2023-01|2023-02|2023-03|2023-04|2023-05|2023-06|2023-07|2023-08|2023-09|2023-10|2023-11|2023-12|2024-01|2024-02|2024-03|2024-04|2024-05|2024-06|2024-07|2024-08|2024-09|2024-10|2024-11|2024-12|2025-01|2025-02|2025-03|2025-04|2025-05|2025-06|2025-07|2025-08|2025-09|2025-10|2026-01|2026-02
0.3,2,CPI m/m|CPI y/y,Neutral|Bad,2,2,0,100.0,0.0,inf,2020-08|2022-07
0.3,2,CPI m/m|CPI y/y,Bad|Bad,2,1,1,50.0,50.0,1.0,2021-05|2021-07
0.3,2,CPI m/m|CPI y/y,Bad|Neutral,2,2,0,100.0,0.0,inf,2021-11|2022-06
0.0,2,Core CPI m/m|PPI m/m,Bad|Good,7,3,4,42.9,57.1,0.75,2018-01|2020-07|2022-01|2023-03|2023-05|2024-04|2024-10
0.0,2,Core CPI m/m|PPI m/m,Bad|Neutral,8,5,3,62.5,37.5,1.67,2018-02|2019-07|2019-08|2020-12|2021-11|2022-05|2022-06|2022-09
0.0,2,Core CPI m/m|PPI m/m,Neutral|Bad,16,7,9,43.8,56.2,0.78,2018-03|2018-04|2018-07|2018-11|2018-12|2019-11|2020-02|2020-10|2021-12|2023-02|2023-08|2023-10|2024-05|2024-12|2025-08|2026-02
0.0,2,Core CPI m/m|PPI m/m,Good|Good,17,7,10,41.2,58.8,0.7,2018-05|2018-09|2019-03|2019-10|2020-01|2020-05|2022-08|2022-11|2023-07|2023-11|2024-06|2025-01|2025-03|2025-04|2025-05|2025-06|2025-07
0.0,2,Core CPI m/m|PPI m/m,Bad|Bad,16,8,8,50.0,50.0,1.0,2018-06|2019-09|2020-08|2020-09|2021-04|2021-05|2021-06|2021-07|2022-02|2022-07|2022-10|2023-09|2024-02|2024-03|2024-09|2025-02
0.0,2,Core CPI m/m|PPI m/m,Neutral|Good,14,8,6,57.1,42.9,1.33,2018-08|2019-01|2019-02|2019-12|2020-03|2021-01|2021-10|2022-03|2023-01|2023-04|2023-06|2024-01|2024-08|2025-09
0.0,2,Core CPI m/m|PPI m/m,Good|Neutral,3,1,2,33.3,66.7,0.5,2018-10|2019-05|2019-06
0.0,2,Core CPI m/m|PPI m/m,Good|Bad,12,9,3,75.0,25.0,3.0,2019-04|2020-04|2020-06|2020-11|2021-02|2021-03|2021-08|2021-09|2022-04|2022-12|2024-07|2026-01
0.0,2,Core CPI m/m|PPI m/m,Neutral|Neutral,2,1,1,50.0,50.0,1.0,2023-12|2024-11
0.1,2,Core CPI m/m|PPI m/m,Neutral|Good,23,12,11,52.2,47.8,1.09,2018-01|2018-08|2018-09|2019-02|2019-10|2019-12|2020-03|2020-07|2021-01|2022-01|2022-03|2023-01|2023-03|2023-04|2023-06|2023-11|2024-01|2024-06|2025-01|2025-03|2025-05|2025-07|2025-09
0.1,2,Core CPI m/m|PPI m/m,Neutral|Neutral,27,13,14,48.1,51.9,0.93,2018-02|2018-03|2018-05|2018-07|2018-10|2018-12|2019-01|2019-03|2019-05|2019-06|2019-07|2019-08|2019-09|2020-01|2020-12|2021-03|2021-10|2022-06|2022-12|2023-07|2023-08|2023-12|2024-07|2024-08|2024-09|2024-10|2024-11
0.1,2,Core CPI m/m|PPI m/m,Neutral|Bad,19,7,12,36.8,63.2,0.58,2018-04|2018-06|2018-11|2019-04|2019-11|2020-02|2020-06|2020-10|2021-04|2021-12|2022-02|2023-02|2023-09|2023-10|2024-05|2024-12|2025-08|2026-01|2026-02
0.1,2,Core CPI m/m|PPI m/m,Good|Neutral,4,2,2,50.0,50.0,1.0,2020-04|2020-11|2021-09|2025-06
0.1,2,Core CPI m/m|PPI m/m,Good|Good,4,2,2,50.0,50.0,1.0,2020-05|2022-08|2022-11|2025-04
0.1,2,Core CPI m/m|PPI m/m,Bad|Bad,9,6,3,66.7,33.3,2.0,2020-08|2021-05|2021-06|2021-07|2022-07|2022-10|2024-02|2024-03|2025-02
0.1,2,Core CPI m/m|PPI m/m,Bad|Neutral,6,4,2,66.7,33.3,2.0,2020-09|2021-11|2022-05|2022-09|2023-05|2024-04
0.1,2,Core CPI m/m|PPI m/m,Good|Bad,3,3,0,100.0,0.0,inf,2021-02|2021-08|2022-04
0.2,2,Core CPI m/m|PPI m/m,Neutral|Good,16,7,9,43.8,56.2,0.78,2018-01|2018-09|2019-10|2020-03|2020-05|2020-07|2022-08|2023-01|2023-03|2023-04|2023-11|2024-06|2025-03|2025-04|2025-05|2025-09
0.2,2,Core CPI m/m|PPI m/m,Neutral|Neutral,59,30,29,50.8,49.2,1.03,2018-02|2018-03|2018-04|2018-05|2018-06|2018-07|2018-08|2018-10|2018-12|2019-01|2019-02|2019-03|2019-05|2019-06|2019-07|2019-08|2019-09|2019-11|2019-12|2020-01|2020-04|2020-09|2020-10|2020-11|2020-12|2021-01|2021-03|2021-09|2021-10|2021-11|2022-01|2022-03|2022-05|2022-06|2022-10|2022-11|2022-12|2023-05|2023-06|2023-07|2023-08|2023-10|2023-12|2024-01|2024-02|2024-04|2024-05|2024-07|2024-08|2024-09|2024-10|2024-11|2024-12|2025-01|2025-02|2025-06|2025-07|2026-01|2026-02
0.2,2,Core CPI m/m|PPI m/m,Neutral|Bad,16,10,6,62.5,37.5,1.67,2018-11|2019-04|2020-02|2020-06|2021-02|2021-04|2021-06|2021-08|2021-12|2022-02|2022-04|2022-07|2023-02|2023-09|2024-03|2025-08
0.2,2,Core CPI m/m|PPI m/m,Bad|Bad,3,2,1,66.7,33.3,2.0,2020-08|2021-05|2021-07
0.2,2,Core CPI m/m|PPI m/m,Bad|Neutral,1,0,1,0.0,100.0,0.0,2022-09
0.3,2,Core CPI m/m|PPI m/m,Neutral|Good,15,7,8,46.7,53.3,0.87,2018-01|2018-09|2019-10|2020-03|2020-05|2020-07|2022-08|2023-01|2023-03|2023-04|2023-11|2024-06|2025-04|2025-05|2025-09
0.3,2,Core CPI m/m|PPI m/m,Neutral|Neutral,66,33,33,50.0,50.0,1.0,2018-02|2018-03|2018-04|2018-05|2018-06|2018-07|2018-08|2018-10|2018-12|2019-01|2019-02|2019-03|2019-04|2019-05|2019-06|2019-07|2019-08|2019-09|2019-11|2019-12|2020-01|2020-04|2020-09|2020-10|2020-11|2020-12|2021-01|2021-03|2021-09|2021-10|2021-11|2022-01|2022-03|2022-04|2022-05|2022-06|2022-09|2022-10|2022-11|2022-12|2023-02|2023-05|2023-06|2023-07|2023-08|2023-09|2023-10|2023-12|2024-01|2024-02|2024-03|2024-04|2024-05|2024-07|2024-08|2024-09|2024-10|2024-11|2024-12|2025-01|2025-02|2025-03|2025-06|2025-07|2026-01|2026-02
0.3,2,Core CPI m/m|PPI m/m,Neutral|Bad,11,7,4,63.6,36.4,1.75,2018-11|2020-02|2020-06|2021-02|2021-04|2021-06|2021-08|2021-12|2022-02|2022-07|2025-08
0.3,2,Core CPI m/m|PPI m/m,Bad|Neutral,2,1,1,50.0,50.0,1.0,2020-08|2021-05
0.3,2,Core CPI m/m|PPI m/m,Bad|Bad,1,1,0,100.0,0.0,inf,2021-07
0.0,2,Core CPI m/m|Core PPI m/m,Bad|Good,9,5,4,55.6,44.4,1.25,2018-01|2019-08|2020-07|2020-12|2021-11|2022-05|2022-06|2022-07|2023-03
0.0,2,Core CPI m/m|Core PPI m/m,Bad|Bad,15,8,7,53.3,46.7,1.14,2018-02|2018-06|2019-07|2019-09|2020-08|2020-09|2021-04|2021-05|2021-06|2021-07|2022-02|2022-09|2024-02|2024-03|2024-09
0.0,2,Core CPI m/m|Core PPI m/m,Neutral|Neutral,6,6,0,100.0,0.0,inf,2018-03|2021-01|2023-01|2023-06|2024-11|2024-12
0.0,2,Core CPI m/m|Core PPI m/m,Neutral|Bad,15,6,9,40.0,60.0,0.67,2018-04|2018-07|2018-11|2018-12|2019-02|2019-11|2020-02|2020-10|2021-12|2023-02|2023-08|2023-10|2024-05|2025-08|2026-02
0.0,2,Core CPI m/m|Core PPI m/m,Good|Neutral,5,4,1,80.0,20.0,4.0,2018-05|2018-10|2019-06|2020-06|2021-03
0.0,2,Core CPI m/m|Core PPI m/m,Neutral|Good,11,4,7,36.4,63.6,0.57,2018-08|2019-01|2019-12|2020-03|2021-10|2022-03|2023-04|2023-12|2024-01|2024-08|2025-09
0.0,2,Core CPI m/m|Core PPI m/m,Good|Good,18,7,11,38.9,61.1,0.64,2018-09|2019-03|2019-05|2019-10|2020-01|2020-05|2020-11|2022-08|2022-11|2023-07|2023-11|2024-06|2025-01|2025-03|2025-04|2025-05|2025-06|2025-07
0.0,2,Core CPI m/m|Core PPI m/m,Good|Bad,9,6,3,66.7,33.3,2.0,2019-04|2020-04|2021-02|2021-08|2021-09|2022-04|2022-12|2024-07|2026-01
0.0,2,Core CPI m/m|Core PPI m/m,Bad|Neutral,7,3,4,42.9,57.1,0.75,2022-01|2022-10|2023-05|2023-09|2024-04|2024-10|2025-02
0.1,2,Core CPI m/m|Core PPI m/m,Neutral|Good,22,8,14,36.4,63.6,0.57,2018-01|2018-09|2019-01|2019-08|2019-10|2019-12|2020-03|2020-07|2021-10|2022-03|2023-03|2023-04|2023-11|2023-12|2024-01|2024-06|2024-08|2025-01|2025-03|2025-05|2025-07|2025-09
0.1,2,Core CPI m/m|Core PPI m/m,Neutral|Bad,15,5,10,33.3,66.7,0.5,2018-02|2018-11|2018-12|2020-02|2020-10|2021-04|2021-12|2022-02|2022-12|2023-02|2024-05|2024-07|2025-08|2026-01|2026-02
0.1,2,Core CPI m/m|Core PPI m/m,Neutral|Neutral,32,19,13,59.4,40.6,1.46,2018-03|2018-04|2018-05|2018-06|2018-07|2018-08|2018-10|2019-02|2019-03|2019-04|2019-05|2019-06|2019-07|2019-09|2019-11|2020-01|2020-06|2020-12|2021-01|2021-03|2022-01|2022-06|2023-01|2023-06|2023-07|2023-08|2023-09|2023-10|2024-09|2024-10|2024-11|2024-12
0.1,2,Core CPI m/m|Core PPI m/m,Good|Bad,4,3,1,75.0,25.0,3.0,2020-04|2021-02|2021-08|2022-04
0.1,2,Core CPI m/m|Core PPI m/m,Good|Good,5,2,3,40.0,60.0,0.67,2020-05|2022-08|2022-11|2025-04|2025-06
0.1,2,Core CPI m/m|Core PPI m/m,Bad|Bad,7,5,2,71.4,28.6,2.5,2020-08|2020-09|2021-05|2021-06|2021-07|2022-09|2024-02
0.1,2,Core CPI m/m|Core PPI m/m,Good|Neutral,2,2,0,100.0,0.0,inf,2020-11|2021-09
0.1,2,Core CPI m/m|Core PPI m/m,Bad|Neutral,7,4,3,57.1,42.9,1.33,2021-11|2022-07|2022-10|2023-05|2024-03|2024-04|2025-02
0.1,2,Core CPI m/m|Core PPI m/m,Bad|Good,1,1,0,100.0,0.0,inf,2022-05
0.2,2,Core CPI m/m|Core PPI m/m,Neutral|Good,19,6,13,31.6,68.4,0.46,2018-01|2018-09|2019-01|2019-08|2019-10|2019-12|2020-03|2020-07|2021-10|2022-03|2022-11|2023-03|2023-04|2023-11|2024-06|2025-03|2025-04|2025-05|2025-09
0.2,2,Core CPI m/m|Core PPI m/m,Neutral|Neutral,60,35,25,58.3,41.7,1.4,2018-02|2018-03|2018-04|2018-05|2018-06|2018-07|2018-08|2018-10|2018-12|2019-02|2019-03|2019-04|2019-05|2019-06|2019-07|2019-09|2019-11|2020-01|2020-04|2020-05|2020-06|2020-09|2020-10|2020-11|2020-12|2021-01|2021-03|2021-06|2021-09|2021-11|2022-01|2022-05|2022-06|2022-07|2022-08|2022-10|2022-12|2023-01|2023-02|2023-05|2023-06|2023-07|2023-08|2023-09|2023-10|2023-12|2024-01|2024-03|2024-04|2024-07|2024-08|2024-09|2024-10|2024-11|2024-12|2025-01|2025-02|2025-06|2025-07|2026-01
0.2,2,Core CPI m/m|Core PPI m/m,Neutral|Bad,12,6,6,50.0,50.0,1.0,2018-11|2020-02|2021-02|2021-04|2021-08|2021-12|2022-02|2022-04|2024-02|2024-05|2025-08|2026-02
0.2,2,Core CPI m/m|Core PPI m/m,Bad|Bad,3,2,1,66.7,33.3,2.0,2020-08|2021-05|2021-07
0.2,2,Core CPI m/m|Core PPI m/m,Bad|Neutral,1,0,1,0.0,100.0,0.0,2022-09
0.3,2,Core CPI m/m|Core PPI m/m,Neutral|Good,15,3,12,20.0,80.0,0.25,2018-01|2018-09|2019-01|2019-08|2019-10|2019-12|2020-03|2020-07|2022-03|2023-03|2023-04|2025-03|2025-04|2025-05|2025-09
0.3,2,Core CPI m/m|Core PPI m/m,Neutral|Neutral,69,39,30,56.5,43.5,1.3,2018-02|2018-03|2018-04|2018-05|2018-06|2018-07|2018-08|2018-10|2018-11|2018-12|2019-02|2019-03|2019-04|2019-05|2019-06|2019-07|2019-09|2019-11|2020-01|2020-02|2020-04|2020-05|2020-06|2020-09|2020-10|2020-11|2020-12|2021-01|2021-03|2021-06|2021-09|2021-10|2021-11|2021-12|2022-01|2022-05|2022-06|2022-07|2022-08|2022-09|2022-10|2022-11|2022-12|2023-01|2023-02|2023-05|2023-06|2023-07|2023-08|2023-09|2023-10|2023-11|2023-12|2024-01|2024-03|2024-04|2024-05|2024-06|2024-07|2024-08|2024-09|2024-10|2024-11|2024-12|2025-01|2025-02|2025-06|2025-07|2026-01
0.3,2,Core CPI m/m|Core PPI m/m,Bad|Bad,2,2,0,100.0,0.0,inf,2020-08|2021-07
0.3,2,Core CPI m/m|Core PPI m/m,Neutral|Bad,8,5,3,62.5,37.5,1.67,2021-02|2021-04|2021-08|2022-02|2022-04|2024-02|2025-08|2026-02
0.3,2,Core CPI m/m|Core PPI m/m,Bad|Neutral,1,0,1,0.0,100.0,0.0,2021-05
0.0,2,Core CPI m/m|FOMC,Bad|Neutral,21,11,10,52.4,47.6,1.1,2018-01|2018-06|2019-07|2019-09|2020-07|2020-09|2020-12|2021-04|2021-06|2021-07|2021-11|2022-01|2022-05|2022-06|2022-07|2022-09|2023-03|2023-05|2023-09|2024-03|2024-09
0.0,2,Core CPI m/m|FOMC,Neutral|Neutral,17,8,9,47.1,52.9,0.89,2018-03|2018-08|2018-11|2018-12|2019-01|2019-12|2021-01|2021-12|2022-03|2023-02|2023-06|2023-12|2024-01|2024-05|2024-11|2024-12|2025-09
0.0,2,Core CPI m/m|FOMC,Good|Neutral,25,10,15,40.0,60.0,0.67,2018-05|2018-09|2019-03|2019-05|2019-06|2019-10|2020-01|2020-04|2020-06|2020-11|2021-03|2021-09|2022-11|2022-12|2023-07|2023-11|2024-06|2024-07|2025-01|2025-03|2025-05|2025-06|2025-07|2025-10|2026-01
0.0,2,Core CPI m/m|FOMC,Neutral|Good,1,0,1,0.0,100.0,0.0,2020-03
0.1,2,Core CPI m/m|FOMC,Neutral|Neutral,49,21,28,42.9,57.1,0.75,2018-01|2018-03|2018-05|2018-06|2018-08|2018-09|2018-11|2018-12|2019-01|2019-03|2019-05|2019-06|2019-07|2019-09|2019-10|2019-12|2020-01|2020-06|2020-07|2020-12|2021-01|2021-03|2021-04|2021-12|2022-01|2022-03|2022-06|2022-12|2023-02|2023-03|2023-06|2023-07|2023-09|2023-11|2023-12|2024-01|2024-05|2024-06|2024-07|2024-09|2024-11|2024-12|2025-01|2025-03|2025-05|2025-07|2025-09|2025-10|2026-01
0.1,2,Core CPI m/m|FOMC,Neutral|Good,1,0,1,0.0,100.0,0.0,2020-03
0.1,2,Core CPI m/m|FOMC,Good|Neutral,5,2,3,40.0,60.0,0.67,2020-04|2020-11|2021-09|2022-11|2025-06
0.1,2,Core CPI m/m|FOMC,Bad|Neutral,9,6,3,66.7,33.3,2.0,2020-09|2021-06|2021-07|2021-11|2022-05|2022-07|2022-09|2023-05|2024-03
0.2,2,Core CPI m/m|FOMC,Neutral|Neutral,61,28,33,45.9,54.1,0.85,2018-01|2018-03|2018-05|2018-06|2018-08|2018-09|2018-11|2018-12|2019-01|2019-03|2019-05|2019-06|2019-07|2019-09|2019-10|2019-12|2020-01|2020-04|2020-06|2020-07|2020-09|2020-11|2020-12|2021-01|2021-03|2021-04|2021-06|2021-09|2021-11|2021-12|2022-01|2022-03|2022-05|2022-06|2022-07|2022-11|2022-12|2023-02|2023-03|2023-05|2023-06|2023-07|2023-09|2023-11|2023-12|2024-01|2024-03|2024-05|2024-06|2024-07|2024-09|2024-11|2024-12|2025-01|2025-03|2025-05|2025-06|2025-07|2025-09|2025-10|2026-01
0.2,2,Core CPI m/m|FOMC,Neutral|Good,1,0,1,0.0,100.0,0.0,2020-03
0.2,2,Core CPI m/m|FOMC,Bad|Neutral,2,1,1,50.0,50.0,1.0,2021-07|2022-09
0.3,2,Core CPI m/m|FOMC,Neutral|Neutral,62,28,34,45.2,54.8,0.82,2018-01|2018-03|2018-05|2018-06|2018-08|2018-09|2018-11|2018-12|2019-01|2019-03|2019-05|2019-06|2019-07|2019-09|2019-10|2019-12|2020-01|2020-04|2020-06|2020-07|2020-09|2020-11|2020-12|2021-01|2021-03|2021-04|2021-06|2021-09|2021-11|2021-12|2022-01|2022-03|2022-05|2022-06|2022-07|2022-09|2022-11|2022-12|2023-02|2023-03|2023-05|2023-06|2023-07|2023-09|2023-11|2023-12|2024-01|2024-03|2024-05|2024-06|2024-07|2024-09|2024-11|2024-12|2025-01|2025-03|2025-05|2025-06|2025-07|2025-09|2025-10|2026-01
0.3,2,Core CPI m/m|FOMC,Neutral|Good,1,0,1,0.0,100.0,0.0,2020-03
0.3,2,Core CPI m/m|FOMC,Bad|Neutral,1,1,0,100.0,0.0,inf,2021-07
0.0,2,Core CPI m/m|CPI y/y,Bad|Neutral,8,4,4,50.0,50.0,1.0,2018-01|2018-06|2019-07|2020-07|2020-12|2022-01|2023-03|2024-09
0.0,2,Core CPI m/m|CPI y/y,Bad|Bad,21,12,9,57.1,42.9,1.33,2018-02|2019-08|2020-08|2020-09|2021-04|2021-05|2021-06|2021-07|2021-11|2022-02|2022-05|2022-06|2022-07|2022-09|2022-10|2023-09|2024-02|2024-03|2024-04|2024-10|2025-02
0.0,2,Core CPI m/m|CPI y/y,Neutral|Neutral,17,8,9,47.1,52.9,0.89,2018-03|2018-04|2018-07|2018-08|2018-11|2018-12|2019-01|2020-10|2021-01|2021-12|2022-03|2023-01|2023-12|2024-05|2024-11|2024-12|2025-09
0.0,2,Core CPI m/m|CPI y/y,Good|Neutral,7,5,2,71.4,28.6,2.5,2018-05|2020-01|2021-02|2021-03|2021-09|2025-01|2026-01
0.0,2,Core CPI m/m|CPI y/y,Good|Good,22,8,14,36.4,63.6,0.57,2018-09|2018-10|2019-03|2019-05|2019-06|2019-10|2020-04|2020-05|2020-06|2020-11|2022-08|2022-11|2022-12|2023-07|2023-11|2024-06|2024-07|2025-03|2025-04|2025-05|2025-06|2025-10
0.0,2,Core CPI m/m|CPI y/y,Neutral|Bad,9,4,5,44.4,55.6,0.8,2019-02|2019-11|2019-12|2020-02|2020-03|2021-10|2023-02|2023-10|2024-01
0.0,2,Core CPI m/m|CPI y/y,Good|Bad,4,4,0,100.0,0.0,inf,2019-04|2021-08|2022-04|2025-07
0.0,2,Core CPI m/m|CPI y/y,Bad|Good,2,0,2,0.0,100.0,0.0,2019-09|2023-05
0.0,2,Core CPI m/m|CPI y/y,Neutral|Good,6,4,2,66.7,33.3,2.0,2023-04|2023-06|2023-08|2024-08|2025-08|2026-02
0.1,2,Core CPI m/m|CPI y/y,Neutral|Neutral,39,20,19,51.3,48.7,1.05,2018-01|2018-03|2018-04|2018-05|2018-06|2018-07|2018-08|2018-09|2018-11|2018-12|2019-01|2019-04|2019-06|2019-07|2020-01|2020-03|2020-07|2020-10|2020-12|2021-01|2021-03|2021-12|2022-01|2022-03|2023-01|2023-03|2023-04|2023-06|2023-08|2023-11|2023-12|2024-05|2024-09|2024-11|2024-12|2025-01|2025-08|2025-09|2026-01
0.1,2,Core CPI m/m|CPI y/y,Neutral|Bad,16,7,9,43.8,56.2,0.78,2018-02|2019-02|2019-08|2019-11|2019-12|2020-02|2021-04|2021-10|2022-02|2022-06|2023-02|2023-09|2023-10|2024-01|2024-10|2025-07
0.1,2,Core CPI m/m|CPI y/y,Neutral|Good,15,5,10,33.3,66.7,0.5,2018-10|2019-03|2019-05|2019-09|2019-10|2020-06|2022-12|2023-07|2024-06|2024-07|2024-08|2025-03|2025-05|2025-10|2026-02
0.1,2,Core CPI m/m|CPI y/y,Good|Good,7,3,4,42.9,57.1,0.75,2020-04|2020-05|2020-11|2022-08|2022-11|2025-04|2025-06
0.1,2,Core CPI m/m|CPI y/y,Bad|Bad,13,10,3,76.9,23.1,3.33,2020-08|2020-09|2021-05|2021-06|2021-07|2021-11|2022-05|2022-07|2022-09|2024-02|2024-03|2024-04|2025-02
0.1,2,Core CPI m/m|CPI y/y,Good|Neutral,3,3,0,100.0,0.0,inf,2021-02|2021-09|2022-04
0.1,2,Core CPI m/m|CPI y/y,Good|Bad,1,1,0,100.0,0.0,inf,2021-08
0.1,2,Core CPI m/m|CPI y/y,Bad|Neutral,2,0,2,0.0,100.0,0.0,2022-10|2023-05
0.2,2,Core CPI m/m|CPI y/y,Neutral|Neutral,81,39,42,48.1,51.9,0.93,2018-01|2018-03|2018-04|2018-05|2018-06|2018-07|2018-08|2018-09|2018-10|2018-11|2018-12|2019-01|2019-02|2019-03|2019-04|2019-05|2019-06|2019-07|2019-08|2019-09|2019-10|2019-11|2019-12|2020-01|2020-02|2020-03|2020-04|2020-05|2020-06|2020-07|2020-09|2020-10|2020-11|2020-12|2021-01|2021-02|2021-03|2021-04|2021-08|2021-09|2021-10|2021-12|2022-01|2022-03|2022-04|2022-08|2022-10|2023-01|2023-03|2023-04|2023-05|2023-06|2023-07|2023-08|2023-09|2023-10|2023-11|2023-12|2024-01|2024-03|2024-04|2024-05|2024-06|2024-07|2024-08|2024-09|2024-10|2024-11|2024-12|2025-01|2025-02|2025-03|2025-04|2025-05|2025-06|2025-07|2025-08|2025-09|2025-10|2026-01|2026-02
0.2,2,Core CPI m/m|CPI y/y,Neutral|Bad,9,8,1,88.9,11.1,8.0,2018-02|2021-06|2021-11|2022-02|2022-05|2022-06|2022-07|2023-02|2024-02
0.2,2,Core CPI m/m|CPI y/y,Bad|Bad,4,2,2,50.0,50.0,1.0,2020-08|2021-05|2021-07|2022-09
0.2,2,Core CPI m/m|CPI y/y,Neutral|Good,2,0,2,0.0,100.0,0.0,2022-11|2022-12
0.3,2,Core CPI m/m|CPI y/y,Neutral|Neutral,92,46,46,50.0,50.0,1.0,2018-01|2018-02|2018-03|2018-04|2018-05|2018-06|2018-07|2018-08|2018-09|2018-10|2018-11|2018-12|2019-01|2019-02|2019-03|2019-04|2019-05|2019-06|2019-07|2019-08|2019-09|2019-10|2019-11|2019-12|2020-01|2020-02|2020-03|2020-04|2020-05|2020-06|2020-07|2020-09|2020-10|2020-11|2020-12|2021-01|2021-02|2021-03|2021-04|2021-06|2021-08|2021-09|2021-10|2021-11|2021-12|2022-01|2022-02|2022-03|2022-04|2022-05|2022-06|2022-08|2022-09|2022-10|2022-11|2022-12|2023-01|2023-02|2023-03|2023-04|2023-05|2023-06|2023-07|2023-08|2023-09|2023-10|2023-11|2023-12|2024-01|2024-02|2024-03|2024-04|2024-05|2024-06|2024-07|2024-08|2024-09|2024-10|2024-11|2024-12|2025-01|2025-02|2025-03|2025-04|2025-05|2025-06|2025-07|2025-08|2025-09|2025-10|2026-01|2026-02
0.3,2,Core CPI m/m|CPI y/y,Bad|Bad,3,2,1,66.7,33.3,2.0,2020-08|2021-05|2021-07
0.3,2,Core CPI m/m|CPI y/y,Neutral|Bad,1,1,0,100.0,0.0,inf,2022-07
0.0,2,PPI m/m|Core PPI m/m,Good|Good,29,11,18,37.9,62.1,0.61,2018-01|2018-08|2018-09|2019-01|2019-03|2019-10|2019-12|2020-01|2020-03|2020-05|2020-07|2021-10|2022-03|2022-08|2022-11|2023-03|2023-04|2023-07|2023-11|2024-01|2024-06|2024-08|2025-01|2025-03|2025-04|2025-05|2025-06|2025-07|2025-09
0.0,2,PPI m/m|Core PPI m/m,Neutral|Bad,3,2,1,66.7,33.3,2.0,2018-02|2019-07|2022-09
0.0,2,PPI m/m|Core PPI m/m,Bad|Neutral,7,5,2,71.4,28.6,2.5,2018-03|2020-06|2021-03|2022-10|2023-09|2024-12|2025-02
0.0,2,PPI m/m|Core PPI m/m,Bad|Bad,35,17,18,48.6,51.4,0.94,2018-04|2018-06|2018-07|2018-11|2018-12|2019-04|2019-09|2019-11|2020-02|2020-04|2020-08|2020-09|2020-10|2021-02|2021-04|2021-05|2021-06|2021-07|2021-08|2021-09|2021-12|2022-02|2022-04|2022-12|2023-02|2023-08|2023-10|2024-02|2024-03|2024-05|2024-07|2024-09|2025-08|2026-01|2026-02
0.0,2,PPI m/m|Core PPI m/m,Good|Neutral,8,6,2,75.0,25.0,3.0,2018-05|2021-01|2022-01|2023-01|2023-05|2023-06|2024-04|2024-10
0.0,2,PPI m/m|Core PPI m/m,Neutral|Neutral,3,2,1,66.7,33.3,2.0,2018-10|2019-06|2024-11
0.0,2,PPI m/m|Core PPI m/m,Good|Bad,1,1,0,100.0,0.0,inf,2019-02
0.0,2,PPI m/m|Core PPI m/m,Neutral|Good,8,4,4,50.0,50.0,1.0,2019-05|2019-08|2020-12|2021-11|2022-05|2022-06|2023-12|2025-11
0.0,2,PPI m/m|Core PPI m/m,Bad|Good,2,2,0,100.0,0.0,inf,2020-11|2022-07
0.1,2,PPI m/m|Core PPI m/m,Good|Good,21,8,13,38.1,61.9,0.62,2018-01|2018-09|2019-10|2019-12|2020-03|2020-05|2020-07|2022-03|2022-08|2022-11|2023-03|2023-04|2023-11|2024-01|2024-06|2025-01|2025-03|2025-04|2025-05|2025-07|2025-09
0.1,2,PPI m/m|Core PPI m/m,Neutral|Bad,7,3,4,42.9,57.1,0.75,2018-02|2018-12|2020-04|2020-09|2022-09|2022-12|2024-07
0.1,2,PPI m/m|Core PPI m/m,Neutral|Neutral,24,14,10,58.3,41.7,1.4,2018-03|2018-05|2018-07|2018-10|2019-03|2019-05|2019-06|2019-07|2019-09|2020-01|2020-11|2020-12|2021-03|2021-09|2021-11|2022-06|2023-05|2023-07|2023-08|2024-04|2024-09|2024-10|2024-11|2025-11
0.1,2,PPI m/m|Core PPI m/m,Bad|Neutral,12,6,6,50.0,50.0,1.0,2018-04|2018-06|2019-04|2019-11|2020-06|2022-07|2022-10|2023-09|2023-10|2024-03|2024-12|2025-02
0.1,2,PPI m/m|Core PPI m/m,Good|Neutral,6,6,0,100.0,0.0,inf,2018-08|2019-02|2021-01|2022-01|2023-01|2023-06
0.1,2,PPI m/m|Core PPI m/m,Bad|Bad,19,10,9,52.6,47.4,1.11,2018-11|2020-02|2020-08|2020-10|2021-02|2021-04|2021-05|2021-06|2021-07|2021-08|2021-12|2022-02|2022-04|2023-02|2024-02|2024-05|2025-08|2026-01|2026-02
0.1,2,PPI m/m|Core PPI m/m,Neutral|Good,7,3,4,42.9,57.1,0.75,2019-01|2019-08|2021-10|2022-05|2023-12|2024-08|2025-06
0.2,2,PPI m/m|Core PPI m/m,Good|Good,13,5,8,38.5,61.5,0.63,2018-01|2018-09|2019-10|2020-03|2020-07|2023-03|2023-04|2023-11|2024-06|2025-03|2025-04|2025-05|2025-09
0.2,2,PPI m/m|Core PPI m/m,Neutral|Neutral,52,29,23,55.8,44.2,1.26,2018-02|2018-03|2018-04|2018-05|2018-06|2018-07|2018-08|2018-10|2018-12|2019-02|2019-03|2019-05|2019-06|2019-07|2019-09|2019-11|2020-01|2020-04|2020-09|2020-10|2020-11|2020-12|2021-01|2021-03|2021-09|2021-11|2022-01|2022-05|2022-06|2022-09|2022-10|2022-12|2023-05|2023-06|2023-07|2023-08|2023-10|2023-12|2024-01|2024-04|2024-07|2024-08|2024-09|2024-10|2024-11|2024-12|2025-01|2025-02|2025-06|2025-07|2025-11|2026-01
0.2,2,PPI m/m|Core PPI m/m,Bad|Bad,12,7,5,58.3,41.7,1.4,2018-11|2020-02|2020-08|2021-02|2021-04|2021-05|2021-07|2021-08|2021-12|2022-02|2022-04|2025-08
0.2,2,PPI m/m|Core PPI m/m,Neutral|Good,6,1,5,16.7,83.3,0.2,2019-01|2019-08|2019-12|2021-10|2022-03|2022-11
0.2,2,PPI m/m|Core PPI m/m,Bad|Neutral,7,5,2,71.4,28.6,2.5,2019-04|2020-06|2021-06|2022-07|2023-02|2023-09|2024-03
0.2,2,PPI m/m|Core PPI m/m,Good|Neutral,3,2,1,66.7,33.3,2.0,2020-05|2022-08|2023-01
0.2,2,PPI m/m|Core PPI m/m,Neutral|Bad,3,1,2,33.3,66.7,0.5,2024-02|2024-05|2026-02
0.3,2,PPI m/m|Core PPI m/m,Good|Good,10,3,7,30.0,70.0,0.43,2018-01|2018-09|2019-10|2020-03|2020-07|2023-03|2023-04|2025-04|2025-05|2025-09
0.3,2,PPI m/m|Core PPI m/m,Neutral|Neutral,60,32,28,53.3,46.7,1.14,2018-02|2018-03|2018-04|2018-05|2018-06|2018-07|2018-08|2018-10|2018-12|2019-02|2019-03|2019-04|2019-05|2019-06|2019-07|2019-09|2019-11|2020-01|2020-04|2020-09|2020-10|2020-11|2020-12|2021-01|2021-03|2021-05|2021-09|2021-10|2021-11|2022-01|2022-05|2022-06|2022-09|2022-10|2022-11|2022-12|2023-02|2023-05|2023-06|2023-07|2023-08|2023-09|2023-10|2023-12|2024-01|2024-03|2024-04|2024-05|2024-07|2024-08|2024-09|2024-10|2024-11|2024-12|2025-01|2025-02|2025-06|2025-07|2025-11|2026-01
0.3,2,PPI m/m|Core PPI m/m,Bad|Neutral,6,4,2,66.7,33.3,2.0,2018-11|2020-02|2020-06|2021-06|2021-12|2022-07
0.3,2,PPI m/m|Core PPI m/m,Neutral|Good,5,0,5,0.0,100.0,0.0,2019-01|2019-08|2019-12|2022-03|2025-03
0.3,2,PPI m/m|Core PPI m/m,Good|Neutral,5,4,1,80.0,20.0,4.0,2020-05|2022-08|2023-01|2023-11|2024-06
0.3,2,PPI m/m|Core PPI m/m,Neutral|Bad,4,3,1,75.0,25.0,3.0,2020-08|2022-04|2024-02|2026-02
0.3,2,PPI m/m|Core PPI m/m,Bad|Bad,6,4,2,66.7,33.3,2.0,2021-02|2021-04|2021-07|2021-08|2022-02|2025-08
0.0,2,PPI m/m|FOMC,Good|Neutral,27,10,17,37.0,63.0,0.59,2018-01|2018-05|2018-08|2018-09|2019-01|2019-03|2019-10|2019-12|2020-01|2020-07|2021-01|2022-01|2022-03|2022-11|2023-03|2023-05|2023-06|2023-07|2023-11|2024-01|2024-06|2025-01|2025-03|2025-05|2025-06|2025-07|2025-09
0.0,2,PPI m/m|FOMC,Bad|Neutral,25,14,11,56.0,44.0,1.27,2018-03|2018-06|2018-11|2018-12|2019-09|2020-04|2020-06|2020-09|2020-11|2021-03|2021-04|2021-06|2021-07|2021-09|2021-12|2022-07|2022-12|2023-02|2023-09|2024-03|2024-05|2024-07|2024-09|2024-12|2026-01
0.0,2,PPI m/m|FOMC,Neutral|Neutral,10,5,5,50.0,50.0,1.0,2019-05|2019-06|2019-07|2020-12|2021-11|2022-05|2022-06|2022-09|2023-12|2024-11
0.0,2,PPI m/m|FOMC,Good|Good,1,0,1,0.0,100.0,0.0,2020-03
0.1,2,PPI m/m|FOMC,Good|Neutral,20,9,11,45.0,55.0,0.82,2018-01|2018-08|2018-09|2019-10|2019-12|2020-07|2021-01|2022-01|2022-03|2022-11|2023-03|2023-06|2023-11|2024-01|2024-06|2025-01|2025-03|2025-05|2025-07|2025-09
0.1,2,PPI m/m|FOMC,Neutral|Neutral,28,13,15,46.4,53.6,0.87,2018-03|2018-05|2018-12|2019-01|2019-03|2019-05|2019-06|2019-07|2019-09|2020-01|2020-04|2020-09|2020-11|2020-12|2021-03|2021-09|2021-11|2022-05|2022-06|2022-09|2022-12|2023-05|2023-07|2023-12|2024-07|2024-09|2024-11|2025-06
0.1,2,PPI m/m|FOMC,Bad|Neutral,14,7,7,50.0,50.0,1.0,2018-06|2018-11|2020-06|2021-04|2021-06|2021-07|2021-12|2022-07|2023-02|2023-09|2024-03|2024-05|2024-12|2026-01
0.1,2,PPI m/m|FOMC,Good|Good,1,0,1,0.0,100.0,0.0,2020-03
0.2,2,PPI m/m|FOMC,Good|Neutral,10,3,7,30.0,70.0,0.43,2018-01|2018-09|2019-10|2020-07|2023-03|2023-11|2024-06|2025-03|2025-05|2025-09
0.2,2,PPI m/m|FOMC,Neutral|Neutral,42,20,22,47.6,52.4,0.91,2018-03|2018-05|2018-06|2018-08|2018-12|2019-01|2019-03|2019-05|2019-06|2019-07|2019-09|2019-12|2020-01|2020-04|2020-09|2020-11|2020-12|2021-01|2021-03|2021-09|2021-11|2022-01|2022-03|2022-05|2022-06|2022-09|2022-11|2022-12|2023-05|2023-06|2023-07|2023-12|2024-01|2024-05|2024-07|2024-09|2024-11|2024-12|2025-01|2025-06|2025-07|2026-01
0.2,2,PPI m/m|FOMC,Bad|Neutral,10,6,4,60.0,40.0,1.5,2018-11|2020-06|2021-04|2021-06|2021-07|2021-12|2022-07|2023-02|2023-09|2024-03
0.2,2,PPI m/m|FOMC,Good|Good,1,0,1,0.0,100.0,0.0,2020-03
0.3,2,PPI m/m|FOMC,Good|Neutral,9,3,6,33.3,66.7,0.5,2018-01|2018-09|2019-10|2020-07|2023-03|2023-11|2024-06|2025-05|2025-09
0.3,2,PPI m/m|FOMC,Neutral|Neutral,46,21,25,45.7,54.3,0.84,2018-03|2018-05|2018-06|2018-08|2018-12|2019-01|2019-03|2019-05|2019-06|2019-07|2019-09|2019-12|2020-01|2020-04|2020-09|2020-11|2020-12|2021-01|2021-03|2021-09|2021-11|2022-01|2022-03|2022-05|2022-06|2022-09|2022-11|2022-12|2023-02|2023-05|2023-06|2023-07|2023-09|2023-12|2024-01|2024-03|2024-05|2024-07|2024-09|2024-11|2024-12|2025-01|2025-03|2025-06|2025-07|2026-01
0.3,2,PPI m/m|FOMC,Bad|Neutral,7,5,2,71.4,28.6,2.5,2018-11|2020-06|2021-04|2021-06|2021-07|2021-12|2022-07
0.3,2,PPI m/m|FOMC,Good|Good,1,0,1,0.0,100.0,0.0,2020-03
0.0,2,PPI m/m|CPI y/y,Good|Neutral,13,7,6,53.8,46.2,1.17,2018-01|2018-05|2018-08|2019-01|2020-01|2020-07|2021-01|2022-01|2022-03|2023-01|2023-03|2025-01|2025-09
0.0,2,PPI m/m|CPI y/y,Neutral|Bad,6,4,2,66.7,33.3,2.0,2018-02|2019-08|2021-11|2022-05|2022-06|2022-09
0.0,2,PPI m/m|CPI y/y,Bad|Neutral,15,8,7,53.3,46.7,1.14,2018-03|2018-04|2018-06|2018-07|2018-11|2018-12|2020-10|2021-02|2021-03|2021-09|2021-12|2024-05|2024-09|2024-12|2026-01
0.0,2,PPI m/m|CPI y/y,Good|Good,17,7,10,41.2,58.8,0.7,2018-09|2019-03|2019-10|2020-05|2022-08|2022-11|2023-04|2023-05|2023-06|2023-07|2023-11|2024-06|2024-08|2025-03|2025-04|2025-05|2025-06
0.0,2,PPI m/m|CPI y/y,Neutral|Good,3,1,2,33.3,66.7,0.5,2018-10|2019-05|2019-06
0.0,2,PPI m/m|CPI y/y,Good|Bad,8,4,4,50.0,50.0,1.0,2019-02|2019-12|2020-03|2021-10|2024-01|2024-04|2024-10|2025-07
0.0,2,PPI m/m|CPI y/y,Bad|Bad,20,12,8,60.0,40.0,1.5,2019-04|2019-11|2020-02|2020-08|2020-09|2021-04|2021-05|2021-06|2021-07|2021-08|2022-02|2022-04|2022-07|2022-10|2023-02|2023-09|2023-10|2024-02|2024-03|2025-02
0.0,2,PPI m/m|CPI y/y,Neutral|Neutral,4,2,2,50.0,50.0,1.0,2019-07|2020-12|2023-12|2024-11
0.0,2,PPI m/m|CPI y/y,Bad|Good,9,4,5,44.4,55.6,0.8,2019-09|2020-04|2020-06|2020-11|2022-12|2023-08|2024-07|2025-08|2026-02
0.1,2,PPI m/m|CPI y/y,Good|Neutral,15,9,6,60.0,40.0,1.5,2018-01|2018-08|2018-09|2020-03|2020-07|2021-01|2022-01|2022-03|2023-01|2023-03|2023-04|2023-06|2023-11|2025-01|2025-09
0.1,2,PPI m/m|CPI y/y,Neutral|Bad,10,7,3,70.0,30.0,2.33,2018-02|2019-08|2020-09|2021-10|2021-11|2022-05|2022-06|2022-09|2024-04|2024-10
0.1,2,PPI m/m|CPI y/y,Neutral|Neutral,16,8,8,50.0,50.0,1.0,2018-03|2018-05|2018-07|2018-12|2019-01|2019-06|2019-07|2020-01|2020-12|2021-03|2021-09|2023-05|2023-08|2023-12|2024-09|2024-11
0.1,2,PPI m/m|CPI y/y,Bad|Neutral,13,6,7,46.2,53.8,0.86,2018-04|2018-06|2018-11|2019-04|2020-10|2021-02|2021-12|2022-04|2022-10|2024-05|2024-12|2025-08|2026-01
0.1,2,PPI m/m|CPI y/y,Neutral|Good,11,4,7,36.4,63.6,0.57,2018-10|2019-03|2019-05|2019-09|2020-04|2020-11|2022-12|2023-07|2024-07|2024-08|2025-06
0.1,2,PPI m/m|CPI y/y,Good|Bad,4,2,2,50.0,50.0,1.0,2019-02|2019-12|2024-01|2025-07
0.1,2,PPI m/m|CPI y/y,Good|Good,8,3,5,37.5,62.5,0.6,2019-10|2020-05|2022-08|2022-11|2024-06|2025-03|2025-04|2025-05
0.1,2,PPI m/m|CPI y/y,Bad|Bad,16,9,7,56.2,43.8,1.29,2019-11|2020-02|2020-08|2021-04|2021-05|2021-06|2021-07|2021-08|2022-02|2022-07|2023-02|2023-09|2023-10|2024-02|2024-03|2025-02
0.1,2,PPI m/m|CPI y/y,Bad|Good,2,1,1,50.0,50.0,1.0,2020-06|2026-02
0.2,2,PPI m/m|CPI y/y,Good|Neutral,16,7,9,43.8,56.2,0.78,2018-01|2018-09|2019-10|2020-03|2020-05|2020-07|2022-08|2023-01|2023-03|2023-04|2023-11|2024-06|2025-03|2025-04|2025-05|2025-09
0.2,2,PPI m/m|CPI y/y,Neutral|Bad,6,5,1,83.3,16.7,5.0,2018-02|2021-11|2022-05|2022-06|2022-09|2024-02
0.2,2,PPI m/m|CPI y/y,Neutral|Neutral,52,25,27,48.1,51.9,0.93,2018-03|2018-04|2018-05|2018-06|2018-07|2018-08|2018-10|2018-12|2019-01|2019-02|2019-03|2019-05|2019-06|2019-07|2019-08|2019-09|2019-11|2019-12|2020-01|2020-04|2020-09|2020-10|2020-11|2020-12|2021-01|2021-03|2021-09|2021-10|2022-01|2022-03|2022-10|2023-05|2023-06|2023-07|2023-08|2023-10|2023-12|2024-01|2024-04|2024-05|2024-07|2024-08|2024-09|2024-10|2024-11|2024-12|2025-01|2025-02|2025-06|2025-07|2026-01|2026-02
0.2,2,PPI m/m|CPI y/y,Bad|Neutral,12,7,5,58.3,41.7,1.4,2018-11|2019-04|2020-02|2020-06|2021-02|2021-04|2021-08|2021-12|2022-04|2023-09|2024-03|2025-08
0.2,2,PPI m/m|CPI y/y,Bad|Bad,7,5,2,71.4,28.6,2.5,2020-08|2021-05|2021-06|2021-07|2022-02|2022-07|2023-02
0.2,2,PPI m/m|CPI y/y,Neutral|Good,2,0,2,0.0,100.0,0.0,2022-11|2022-12
0.3,2,PPI m/m|CPI y/y,Good|Neutral,15,7,8,46.7,53.3,0.87,2018-01|2018-09|2019-10|2020-03|2020-05|2020-07|2022-08|2023-01|2023-03|2023-04|2023-11|2024-06|2025-04|2025-05|2025-09
0.3,2,PPI m/m|CPI y/y,Neutral|Neutral,66,33,33,50.0,50.0,1.0,2018-02|2018-03|2018-04|2018-05|2018-06|2018-07|2018-08|2018-10|2018-12|2019-01|2019-02|2019-03|2019-04|2019-05|2019-06|2019-07|2019-08|2019-09|2019-11|2019-12|2020-01|2020-04|2020-09|2020-10|2020-11|2020-12|2021-01|2021-03|2021-09|2021-10|2021-11|2022-01|2022-03|2022-04|2022-05|2022-06|2022-09|2022-10|2022-11|2022-12|2023-02|2023-05|2023-06|2023-07|2023-08|2023-09|2023-10|2023-12|2024-01|2024-02|2024-03|2024-04|2024-05|2024-07|2024-08|2024-09|2024-10|2024-11|2024-12|2025-01|2025-02|2025-03|2025-06|2025-07|2026-01|2026-02
0.3,2,PPI m/m|CPI y/y,Bad|Neutral,10,6,4,60.0,40.0,1.5,2018-11|2020-02|2020-06|2021-02|2021-04|2021-06|2021-08|2021-12|2022-02|2025-08
0.3,2,PPI m/m|CPI y/y,Neutral|Bad,2,1,1,50.0,50.0,1.0,2020-08|2021-05
0.3,2,PPI m/m|CPI y/y,Bad|Bad,2,2,0,100.0,0.0,inf,2021-07|2022-07
0.0,2,Core PPI m/m|FOMC,Good|Neutral,30,11,19,36.7,63.3,0.58,2018-01|2018-08|2018-09|2019-01|2019-03|2019-05|2019-10|2019-12|2020-01|2020-07|2020-11|2020-12|2021-11|2022-03|2022-05|2022-06|2022-07|2022-11|2023-03|2023-07|2023-11|2023-12|2024-01|2024-06|2025-01|2025-03|2025-05|2025-06|2025-07|2025-09
0.0,2,Core PPI m/m|FOMC,Neutral|Neutral,12,9,3,75.0,25.0,3.0,2018-03|2018-05|2019-06|2020-06|2021-01|2021-03|2022-01|2023-05|2023-06|2023-09|2024-11|2024-12
0.0,2,Core PPI m/m|FOMC,Bad|Neutral,20,9,11,45.0,55.0,0.82,2018-06|2018-11|2018-12|2019-07|2019-09|2020-04|2020-09|2021-04|2021-06|2021-07|2021-09|2021-12|2022-09|2022-12|2023-02|2024-03|2024-05|2024-07|2024-09|2026-01
0.0,2,Core PPI m/m|FOMC,Good|Good,1,0,1,0.0,100.0,0.0,2020-03
0.1,2,Core PPI m/m|FOMC,Good|Neutral,20,6,14,30.0,70.0,0.43,2018-01|2018-09|2019-01|2019-10|2019-12|2020-07|2022-03|2022-05|2022-11|2023-03|2023-11|2023-12|2024-01|2024-06|2025-01|2025-03|2025-05|2025-06|2025-07|2025-09
0.1,2,Core PPI m/m|FOMC,Neutral|Neutral,28,17,11,60.7,39.3,1.55,2018-03|2018-05|2018-06|2018-08|2019-03|2019-05|2019-06|2019-07|2019-09|2020-01|2020-06|2020-11|2020-12|2021-01|2021-03|2021-09|2021-11|2022-01|2022-06|2022-07|2023-05|2023-06|2023-07|2023-09|2024-03|2024-09|2024-11|2024-12
0.1,2,Core PPI m/m|FOMC,Bad|Neutral,14,6,8,42.9,57.1,0.75,2018-11|2018-12|2020-04|2020-09|2021-04|2021-06|2021-07|2021-12|2022-09|2022-12|2023-02|2024-05|2024-07|2026-01
0.1,2,Core PPI m/m|FOMC,Good|Good,1,0,1,0.0,100.0,0.0,2020-03
0.2,2,Core PPI m/m|FOMC,Good|Neutral,14,3,11,21.4,78.6,0.27,2018-01|2018-09|2019-01|2019-10|2019-12|2020-07|2022-03|2022-11|2023-03|2023-11|2024-06|2025-03|2025-05|2025-09
0.2,2,Core PPI m/m|FOMC,Neutral|Neutral,43,24,19,55.8,44.2,1.26,2018-03|2018-05|2018-06|2018-08|2018-12|2019-03|2019-05|2019-06|2019-07|2019-09|2020-01|2020-04|2020-06|2020-09|2020-11|2020-12|2021-01|2021-03|2021-06|2021-09|2021-11|2022-01|2022-05|2022-06|2022-07|2022-09|2022-12|2023-02|2023-05|2023-06|2023-07|2023-09|2023-12|2024-01|2024-03|2024-07|2024-09|2024-11|2024-12|2025-01|2025-06|2025-07|2026-01
0.2,2,Core PPI m/m|FOMC,Bad|Neutral,5,2,3,40.0,60.0,0.67,2018-11|2021-04|2021-07|2021-12|2024-05
0.2,2,Core PPI m/m|FOMC,Good|Good,1,0,1,0.0,100.0,0.0,2020-03
0.3,2,Core PPI m/m|FOMC,Good|Neutral,11,1,10,9.1,90.9,0.1,2018-01|2018-09|2019-01|2019-10|2019-12|2020-07|2022-03|2023-03|2025-03|2025-05|2025-09
0.3,2,Core PPI m/m|FOMC,Neutral|Neutral,49,27,22,55.1,44.9,1.23,2018-03|2018-05|2018-06|2018-08|2018-11|2018-12|2019-03|2019-05|2019-06|2019-07|2019-09|2020-01|2020-04|2020-06|2020-09|2020-11|2020-12|2021-01|2021-03|2021-06|2021-09|2021-11|2021-12|2022-01|2022-05|2022-06|2022-07|2022-09|2022-11|2022-12|2023-02|2023-05|2023-06|2023-07|2023-09|2023-11|2023-12|2024-01|2024-03|2024-05|2024-06|2024-07|2024-09|2024-11|2024-12|2025-01|2025-06|2025-07|2026-01
0.3,2,Core PPI m/m|FOMC,Good|Good,1,0,1,0.0,100.0,0.0,2020-03
0.3,2,Core PPI m/m|FOMC,Bad|Neutral,2,1,1,50.0,50.0,1.0,2021-04|2021-07
0.0,2,Core PPI m/m|CPI y/y,Good|Neutral,11,3,8,27.3,72.7,0.37,2018-01|2018-08|2019-01|2020-01|2020-07|2020-12|2022-03|2023-03|2023-12|2025-01|2025-09
0.0,2,Core PPI m/m|CPI y/y,Bad|Bad,19,12,7,63.2,36.8,1.71,2018-02|2019-02|2019-04|2019-11|2020-02|2020-08|2020-09|2021-04|2021-05|2021-06|2021-07|2021-08|2022-02|2022-04|2022-09|2023-02|2023-10|2024-02|2024-03
0.0,2,Core PPI m/m|CPI y/y,Neutral|Neutral,8,8,0,100.0,0.0,inf,2018-03|2018-05|2021-01|2021-03|2022-01|2023-01|2024-11|2024-12
0.0,2,Core PPI m/m|CPI y/y,Bad|Neutral,13,6,7,46.2,53.8,0.86,2018-04|2018-06|2018-07|2018-11|2018-12|2019-07|2020-10|2021-02|2021-09|2021-12|2024-05|2024-09|2026-01
0.0,2,Core PPI m/m|CPI y/y,Good|Good,17,7,10,41.2,58.8,0.7,2018-09|2019-03|2019-05|2019-10|2020-05|2020-11|2022-08|2022-11|2023-04|2023-07|2023-11|2024-06|2024-08|2025-03|2025-04|2025-05|2025-06
0.0,2,Core PPI m/m|CPI y/y,Neutral|Good,5,3,2,60.0,40.0,1.5,2018-10|2019-06|2020-06|2023-05|2023-06
0.0,2,Core PPI m/m|CPI y/y,Good|Bad,10,6,4,60.0,40.0,1.5,2019-08|2019-12|2020-03|2021-10|2021-11|2022-05|2022-06|2022-07|2024-01|2025-07
0.0,2,Core PPI m/m|CPI y/y,Bad|Good,7,2,5,28.6,71.4,0.4,2019-09|2020-04|2022-12|2023-08|2024-07|2025-08|2026-02
0.0,2,Core PPI m/m|CPI y/y,Neutral|Bad,5,2,3,40.0,60.0,0.67,2022-10|2023-09|2024-04|2024-10|2025-02
0.1,2,Core PPI m/m|CPI y/y,Good|Neutral,12,4,8,33.3,66.7,0.5,2018-01|2018-09|2019-01|2020-03|2020-07|2022-03|2023-03|2023-04|2023-11|2023-12|2025-01|2025-09
0.1,2,Core PPI m/m|CPI y/y,Bad|Bad,13,8,5,61.5,38.5,1.6,2018-02|2020-02|2020-08|2020-09|2021-04|2021-05|2021-06|2021-07|2021-08|2022-02|2022-09|2023-02|2024-02
0.1,2,Core PPI m/m|CPI y/y,Neutral|Neutral,23,15,8,65.2,34.8,1.88,2018-03|2018-04|2018-05|2018-06|2018-07|2018-08|2019-04|2019-06|2019-07|2020-01|2020-12|2021-01|2021-03|2021-09|2022-01|2022-10|2023-01|2023-05|2023-06|2023-08|2024-09|2024-11|2024-12
0.1,2,Core PPI m/m|CPI y/y,Neutral|Good,7,3,4,42.9,57.1,0.75,2018-10|2019-03|2019-05|2019-09|2020-06|2020-11|2023-07
0.1,2,Core PPI m/m|CPI y/y,Bad|Neutral,9,4,5,44.4,55.6,0.8,2018-11|2018-12|2020-10|2021-02|2021-12|2022-04|2024-05|2025-08|2026-01
0.1,2,Core PPI m/m|CPI y/y,Neutral|Bad,11,7,4,63.6,36.4,1.75,2019-02|2019-11|2021-11|2022-06|2022-07|2023-09|2023-10|2024-03|2024-04|2024-10|2025-02
0.1,2,Core PPI m/m|CPI y/y,Good|Bad,6,3,3,50.0,50.0,1.0,2019-08|2019-12|2021-10|2022-05|2024-01|2025-07
0.1,2,Core PPI m/m|CPI y/y,Good|Good,10,4,6,40.0,60.0,0.67,2019-10|2020-05|2022-08|2022-11|2024-06|2024-08|2025-03|2025-04|2025-05|2025-06
0.1,2,Core PPI m/m|CPI y/y,Bad|Good,4,1,3,25.0,75.0,0.33,2020-04|2022-12|2024-07|2026-02
0.2,2,Core PPI m/m|CPI y/y,Good|Neutral,18,6,12,33.3,66.7,0.5,2018-01|2018-09|2019-01|2019-08|2019-10|2019-12|2020-03|2020-07|2021-10|2022-03|2023-03|2023-04|2023-11|2024-06|2025-03|2025-04|2025-05|2025-09
0.2,2,Core PPI m/m|CPI y/y,Neutral|Bad,8,7,1,87.5,12.5,7.0,2018-02|2021-06|2021-11|2022-05|2022-06|2022-07|2022-09|2023-02
0.2,2,Core PPI m/m|CPI y/y,Neutral|Neutral,52,28,24,53.8,46.2,1.17,2018-03|2018-04|2018-05|2018-06|2018-07|2018-08|2018-10|2018-12|2019-02|2019-03|2019-04|2019-05|2019-06|2019-07|2019-09|2019-11|2020-01|2020-04|2020-05|2020-06|2020-09|2020-10|2020-11|2020-12|2021-01|2021-03|2021-09|2022-01|2022-08|2022-10|2023-01|2023-05|2023-06|2023-07|2023-08|2023-09|2023-10|2023-12|2024-01|2024-03|2024-04|2024-07|2024-08|2024-09|2024-10|2024-11|2024-12|2025-01|2025-02|2025-06|2025-07|2026-01
0.2,2,Core PPI m/m|CPI y/y,Bad|Neutral,10,5,5,50.0,50.0,1.0,2018-11|2020-02|2021-02|2021-04|2021-08|2021-12|2022-04|2024-05|2025-08|2026-02
0.2,2,Core PPI m/m|CPI y/y,Bad|Bad,5,3,2,60.0,40.0,1.5,2020-08|2021-05|2021-07|2022-02|2024-02
0.2,2,Core PPI m/m|CPI y/y,Good|Good,1,0,1,0.0,100.0,0.0,2022-11
0.2,2,Core PPI m/m|CPI y/y,Neutral|Good,1,0,1,0.0,100.0,0.0,2022-12
0.3,2,Core PPI m/m|CPI y/y,Good|Neutral,15,3,12,20.0,80.0,0.25,2018-01|2018-09|2019-01|2019-08|2019-10|2019-12|2020-03|2020-07|2022-03|2023-03|2023-04|2025-03|2025-04|2025-05|2025-09
0.3,2,Core PPI m/m|CPI y/y,Neutral|Neutral,68,38,30,55.9,44.1,1.27,2018-02|2018-03|2018-04|2018-05|2018-06|2018-07|2018-08|2018-10|2018-11|2018-12|2019-02|2019-03|2019-04|2019-05|2019-06|2019-07|2019-09|2019-11|2020-01|2020-02|2020-04|2020-05|2020-06|2020-09|2020-10|2020-11|2020-12|2021-01|2021-03|2021-06|2021-09|2021-10|2021-11|2021-12|2022-01|2022-05|2022-06|2022-08|2022-09|2022-10|2022-11|2022-12|2023-01|2023-02|2023-05|2023-06|2023-07|2023-08|2023-09|2023-10|2023-11|2023-12|2024-01|2024-03|2024-04|2024-05|2024-06|2024-07|2024-08|2024-09|2024-10|2024-11|2024-12|2025-01|2025-02|2025-06|2025-07|2026-01
0.3,2,Core PPI m/m|CPI y/y,Bad|Bad,2,2,0,100.0,0.0,inf,2020-08|2021-07
0.3,2,Core PPI m/m|CPI y/y,Bad|Neutral,8,5,3,62.5,37.5,1.67,2021-02|2021-04|2021-08|2022-02|2022-04|2024-02|2025-08|2026-02
0.3,2,Core PPI m/m|CPI y/y,Neutral|Bad,2,1,1,50.0,50.0,1.0,2021-05|2022-07
0.0,2,FOMC|CPI y/y,Neutral|Neutral,27,14,13,51.9,48.1,1.08,2018-01|2018-03|2018-05|2018-06|2018-08|2018-11|2018-12|2019-01|2019-07|2020-01|2020-07|2020-12|2021-01|2021-03|2021-09|2021-12|2022-01|2022-03|2023-03|2023-12|2024-05|2024-09|2024-11|2024-12|2025-01|2025-09|2026-01
0.0,2,FOMC|CPI y/y,Neutral|Good,22,6,16,27.3,72.7,0.37,2018-09|2019-03|2019-05|2019-06|2019-09|2019-10|2020-04|2020-06|2020-11|2022-11|2022-12|2023-05|2023-06|2023-07|2023-11|2024-06|2024-07|2025-03|2025-05|2025-06|2025-10|2025-12
0.0,2,FOMC|CPI y/y,Neutral|Bad,15,9,6,60.0,40.0,1.5,2019-12|2020-09|2021-04|2021-06|2021-07|2021-11|2022-05|2022-06|2022-07|2022-09|2023-02|2023-09|2024-01|2024-03|2025-07
0.0,2,FOMC|CPI y/y,Good|Bad,1,0,1,0.0,100.0,0.0,2020-03
0.1,2,FOMC|CPI y/y,Neutral|Neutral,32,16,16,50.0,50.0,1.0,2018-01|2018-03|2018-05|2018-06|2018-08|2018-09|2018-11|2018-12|2019-01|2019-06|2019-07|2020-01|2020-07|2020-12|2021-01|2021-03|2021-09|2021-12|2022-01|2022-03|2023-03|2023-05|2023-06|2023-11|2023-12|2024-05|2024-09|2024-11|2024-12|2025-01|2025-09|2026-01
0.1,2,FOMC|CPI y/y,Neutral|Good,17,4,13,23.5,76.5,0.31,2019-03|2019-05|2019-09|2019-10|2020-04|2020-06|2020-11|2022-11|2022-12|2023-07|2024-06|2024-07|2025-03|2025-05|2025-06|2025-10|2025-12
0.1,2,FOMC|CPI y/y,Neutral|Bad,15,9,6,60.0,40.0,1.5,2019-12|2020-09|2021-04|2021-06|2021-07|2021-11|2022-05|2022-06|2022-07|2022-09|2023-02|2023-09|2024-01|2024-03|2025-07
0.1,2,FOMC|CPI y/y,Good|Neutral,1,0,1,0.0,100.0,0.0,2020-03
0.2,2,FOMC|CPI y/y,Neutral|Neutral,53,22,31,41.5,58.5,0.71,2018-01|2018-03|2018-05|2018-06|2018-08|2018-09|2018-11|2018-12|2019-01|2019-03|2019-05|2019-06|2019-07|2019-09|2019-10|2019-12|2020-01|2020-04|2020-06|2020-07|2020-09|2020-11|2020-12|2021-01|2021-03|2021-04|2021-09|2021-12|2022-01|2022-03|2023-03|2023-05|2023-06|2023-07|2023-09|2023-11|2023-12|2024-01|2024-03|2024-05|2024-06|2024-07|2024-09|2024-11|2024-12|2025-01|2025-03|2025-05|2025-06|2025-07|2025-09|2025-10|2026-01
0.2,2,FOMC|CPI y/y,Good|Neutral,1,0,1,0.0,100.0,0.0,2020-03
0.2,2,FOMC|CPI y/y,Neutral|Bad,8,7,1,87.5,12.5,7.0,2021-06|2021-07|2021-11|2022-05|2022-06|2022-07|2022-09|2023-02
0.2,2,FOMC|CPI y/y,Neutral|Good,3,0,3,0.0,100.0,0.0,2022-11|2022-12|2025-12
0.3,2,FOMC|CPI y/y,Neutral|Neutral,61,27,34,44.3,55.7,0.79,2018-01|2018-03|2018-05|2018-06|2018-08|2018-09|2018-11|2018-12|2019-01|2019-03|2019-05|2019-06|2019-07|2019-09|2019-10|2019-12|2020-01|2020-04|2020-06|2020-07|2020-09|2020-11|2020-12|2021-01|2021-03|2021-04|2021-06|2021-09|2021-11|2021-12|2022-01|2022-03|2022-05|2022-06|2022-09|2022-11|2022-12|2023-02|2023-03|2023-05|2023-06|2023-07|2023-09|2023-11|2023-12|2024-01|2024-03|2024-05|2024-06|2024-07|2024-09|2024-11|2024-12|2025-01|2025-03|2025-05|2025-06|2025-07|2025-09|2025-10|2026-01
0.3,2,FOMC|CPI y/y,Good|Neutral,1,0,1,0.0,100.0,0.0,2020-03
0.3,2,FOMC|CPI y/y,Neutral|Bad,2,2,0,100.0,0.0,inf,2021-07|2022-07
0.3,2,FOMC|CPI y/y,Neutral|Good,1,0,1,0.0,100.0,0.0,2025-12
